11
1
1.000000 0.000000 0.000000
0.000000 1.000000 0.000000
0.000000 0.000000 1.000000
0.000000 -260.000000 0.000000
0
0
34
4
48
2.505877 -119.452415 -41.999886
2.505877 -111.852417 -41.999882
2.420376 -119.452415 -42.648510
2.420377 -111.852417 -42.648506
2.170127 -119.452415 -43.252884
2.170126 -111.852417 -43.252880
1.771876 -119.452415 -43.771885
1.771876 -111.852409 -43.771881
1.252877 -119.452423 -44.170135
1.252876 -111.852417 -44.170132
0.648377 -119.452423 -44.420383
0.648376 -111.852417 -44.420380
-0.000125 -119.452415 -44.506008
-0.000124 -111.852417 -44.506004
-0.648624 -119.452415 -44.420383
-0.648625 -111.852409 -44.420380
-1.252999 -119.452415 -44.170135
-1.253000 -111.852417 -44.170132
-1.772125 -119.452415 -43.771885
-1.772125 -111.852417 -43.771881
-2.170375 -119.452415 -43.252884
-2.170375 -111.852417 -43.252880
-2.420749 -119.452415 -42.648510
-2.420750 -111.852409 -42.648506
-2.506124 -119.452415 -41.999886
-2.506125 -111.852409 -41.999882
-2.420749 -119.452415 -41.351383
-2.420750 -111.852409 -41.351379
-2.170375 -119.452415 -40.747009
-2.170375 -111.852417 -40.747005
-1.772125 -119.452423 -40.227886
-1.772125 -111.852417 -40.227882
-1.252999 -119.452415 -39.829636
-1.253000 -111.852417 -39.829632
-0.648624 -119.452415 -39.579258
-0.648625 -111.852409 -39.579254
-0.000125 -119.452415 -39.493885
-0.000124 -111.852417 -39.493881
0.648377 -119.452423 -39.579258
0.648376 -111.852417 -39.579254
1.252877 -119.452423 -39.829636
1.252876 -111.852417 -39.829632
1.771876 -119.452415 -40.227886
1.771876 -111.852409 -40.227882
2.170127 -119.452415 -40.747009
2.170126 -111.852417 -40.747005
2.420376 -119.452415 -41.351383
2.420377 -111.852417 -41.351379
0
24
4 45 47 46 44
4 43 45 44 42
4 41 43 42 40
4 39 41 40 38
4 37 39 38 36
4 35 37 36 34
4 33 35 34 32
4 31 33 32 30
4 29 31 30 28
4 27 29 28 26
4 25 27 26 24
4 23 25 24 22
4 21 23 22 20
4 19 21 20 18
4 17 19 18 16
4 15 17 16 14
4 13 15 14 12
4 11 13 12 10
4 9 11 10 8
4 7 9 8 6
4 5 7 6 4
4 3 5 4 2
4 1 3 2 0
4 47 1 0 46
0
0
4
217
-45.270515 -119.452423 -3.270257
-48.903515 -119.452423 -3.076632
-46.467514 -119.452423 -1.196882
-46.005512 -119.452431 -2.312382
18.687382 -119.452415 -40.378258
19.802881 -119.452415 -40.840385
25.005260 -119.452423 38.685619
16.532507 -119.452423 -37.570011
16.994507 -119.452415 -38.685383
17.729631 -119.452415 -39.643261
18.687382 -119.452423 40.378494
17.729631 -119.452423 39.643494
16.994507 -119.452423 38.685619
24.270258 -119.452423 39.643494
23.312386 -119.452423 40.378494
28.801386 -119.452431 39.641994
22.196884 -119.452423 40.840744
18.038006 -119.452423 45.559246
20.999884 -119.452431 40.998245
19.802881 -119.452423 40.840744
16.994507 -119.452415 -34.060383
43.197014 -119.452423 -4.467256
41.372013 -119.452415 -26.255383
41.999889 -119.452423 -4.624881
25.467260 -119.452415 -35.175884
-44.336636 -119.452431 20.863245
24.748636 -119.452415 -24.748632
19.802881 -119.452415 -31.905508
17.499882 -119.452423 -30.310633
18.687382 -119.452415 -32.367508
17.729631 -119.452415 -33.102634
-46.005512 -119.452431 2.312618
-46.467514 -119.452423 1.197118
-46.625137 -119.452423 0.000118
-48.132263 -119.452431 9.181745
-44.312637 -119.452423 4.005493
-45.270515 -119.452423 3.270493
-37.375134 -119.452423 0.000118
-35.000134 -119.452431 0.000118
-37.532761 -119.452423 1.197118
-33.807510 -119.452423 9.058744
-37.994759 -119.452423 2.312618
-25.467506 -119.452431 37.570370
-25.625130 -119.452423 36.373119
-37.755383 -119.452423 31.233871
-25.467506 -119.452423 35.176121
-25.005505 -119.452431 34.060745
16.374882 -119.452415 -36.373009
9.058504 -119.452423 -33.807259
16.532507 -119.452423 -35.175884
25.467260 -119.452431 37.570370
25.624884 -119.452423 36.373119
37.755013 -119.452423 31.233871
25.467260 -119.452431 35.176121
44.336262 -119.452415 20.863245
25.005260 -119.452423 34.060745
-16.994755 -119.452423 34.060745
-16.532755 -119.452423 35.176121
16.532507 -119.452431 35.176121
9.058504 -119.452431 33.807495
16.994507 -119.452423 34.060745
17.729631 -119.452423 33.102745
-40.803009 -119.452431 4.467493
-24.270508 -119.452423 33.102745
-42.000137 -119.452423 4.625118
-43.197140 -119.452423 4.467493
-22.197130 -119.452431 40.840744
-23.312632 -119.452431 40.378494
-28.801636 -119.452431 39.641994
-24.270508 -119.452423 39.643494
-25.005505 -119.452431 38.685619
-1.772125 -119.452423 -40.227886
44.312393 -119.452415 -4.005256
45.270264 -119.452415 -3.270257
46.601643 -119.452415 -15.141756
46.005264 -119.452415 -2.312382
-9.058877 -119.452431 33.807495
-0.000125 -119.452423 35.000118
-16.375130 -119.452431 36.373119
16.374882 -119.452423 36.373119
-16.532755 -119.452423 37.570370
16.532507 -119.452431 37.570370
-16.994755 -119.452423 38.685619
6.141253 -119.452431 48.613621
-17.729755 -119.452431 39.643494
-6.141500 -119.452431 48.613621
-18.687632 -119.452423 40.378494
-18.038254 -119.452423 45.559246
-19.803131 -119.452431 40.840744
-21.000130 -119.452431 40.998245
-17.500130 -119.452431 30.310995
-18.687632 -119.452423 32.367744
-17.729755 -119.452431 33.102745
-2.170375 -119.452415 -43.252884
-25.467506 -119.452415 -37.570011
-25.005505 -119.452423 -38.685383
-24.270508 -119.452415 -39.643261
-23.312632 -119.452423 -40.378258
-22.197130 -119.452423 -40.840385
-44.312637 -119.452423 -4.005256
-43.197140 -119.452423 -4.467257
-46.601765 -119.452423 -15.141756
-42.000137 -119.452423 -4.624882
-41.372261 -119.452415 -26.255383
-33.543011 -119.452415 -35.719383
-25.625130 -119.452415 -36.373009
-16.532755 -119.452415 -35.175884
-0.000125 -119.452415 -34.999886
-16.994755 -119.452415 -34.060383
-9.058877 -119.452423 -33.807259
-17.729755 -119.452423 -33.102634
-17.500130 -119.452423 -30.310633
-18.687632 -119.452415 -32.367508
-19.803131 -119.452423 -31.905508
25.005260 -119.452415 -34.060383
24.270258 -119.452415 -33.102634
23.312386 -119.452415 -32.367508
30.310760 -119.452423 -17.499882
22.196884 -119.452415 -31.905508
20.999884 -119.452423 -31.747883
38.729515 -119.452415 -3.270257
33.807388 -119.452423 -9.058631
39.687389 -119.452423 -4.005256
40.802887 -119.452415 -4.467256
46.467266 -119.452423 -1.196882
46.624893 -119.452415 0.000118
48.903267 -119.452415 -3.076632
46.467266 -119.452423 1.197118
46.005264 -119.452415 2.312618
45.270264 -119.452415 3.270493
-39.687637 -119.452423 4.005493
-38.729763 -119.452423 3.270493
-23.312632 -119.452431 32.367744
-30.311008 -119.452423 17.500120
-22.197130 -119.452431 31.905746
-24.748880 -119.452431 24.748745
-21.000130 -119.452423 31.748121
-19.803131 -119.452431 31.905746
1.771876 -119.452415 -43.771885
1.252877 -119.452423 -44.170135
-1.772125 -119.452415 -43.771885
-1.252999 -119.452415 -44.170135
-0.648624 -119.452415 -44.420383
-0.000125 -119.452415 -48.999886
-0.000125 -119.452415 -44.506008
0.648377 -119.452423 -44.420383
-40.803009 -119.452423 -4.467257
-25.005505 -119.452423 -34.060383
-25.467506 -119.452415 -35.175884
-2.420749 -119.452415 -42.648510
-18.687632 -119.452415 -40.378258
-12.185878 -119.452415 -47.460510
-19.803131 -119.452423 -40.840385
-23.606005 -119.452415 -42.939011
-21.000130 -119.452415 -40.997883
1.252877 -119.452423 -39.829636
0.648377 -119.452423 -39.579258
-0.000125 -119.452415 -39.493885
-0.648624 -119.452415 -39.579258
-1.252999 -119.452415 -39.829636
2.420376 -119.452415 -41.351383
2.170127 -119.452415 -40.747009
1.771876 -119.452415 -40.227886
-21.000130 -119.452415 -31.747883
-22.197130 -119.452423 -31.905508
-24.748880 -119.452423 -24.748632
-37.532761 -119.452423 -1.196882
-37.994759 -119.452423 -2.312382
-33.807510 -119.452423 -9.058631
-38.729763 -119.452423 -3.270257
-30.311008 -119.452423 -17.499882
-39.687637 -119.452423 -4.005256
-23.312632 -119.452423 -32.367508
-24.270508 -119.452415 -33.102634
37.374889 -119.452415 0.000118
34.999889 -119.452423 0.000118
37.532513 -119.452423 -1.196882
37.994514 -119.452423 -2.312382
-17.729755 -119.452423 -39.643261
-16.994755 -119.452415 -38.685383
-2.506124 -119.452415 -41.999886
-16.532755 -119.452415 -37.570011
-2.420749 -119.452415 -41.351383
-16.375130 -119.452423 -36.373009
-2.170375 -119.452415 -40.747009
23.312386 -119.452415 -40.378258
24.270258 -119.452415 -39.643261
25.005260 -119.452415 -38.685383
33.542763 -119.452423 -35.719383
25.467260 -119.452415 -37.570011
25.624884 -119.452415 -36.373009
44.312393 -119.452415 4.005493
43.197014 -119.452423 4.467494
48.132019 -119.452423 9.181745
2.170127 -119.452415 -43.252884
2.420376 -119.452415 -42.648510
12.185756 -119.452415 -47.460510
2.505877 -119.452415 -41.999886
23.605759 -119.452415 -42.939011
20.999884 -119.452415 -40.997883
22.196882 -119.452415 -40.840385
18.687382 -119.452423 32.367744
19.802881 -119.452423 31.905746
17.499882 -119.452423 30.310995
20.999884 -119.452431 31.748121
24.748636 -119.452423 24.748745
22.196884 -119.452423 31.905746
23.312386 -119.452423 32.367744
41.999889 -119.452423 4.625119
40.802887 -119.452415 4.467494
24.270258 -119.452423 33.102745
39.687389 -119.452423 4.005493
30.310760 -119.452423 17.500120
38.729515 -119.452415 3.270493
33.807388 -119.452423 9.058744
37.994514 -119.452423 2.312618
37.532513 -119.452423 1.197118
0
160
3 21 23 121
3 23 123 121
3 123 122 121
3 122 120 121
3 120 177 121
3 176 214 175
3 126 73 72
3 210 207 212
3 207 206 212
3 202 59 203
3 87 89 88
3 87 66 89
3 87 67 66
3 87 69 67
3 126 75 73
3 25 70 69
3 126 124 75
3 25 42 70
3 126 125 124
3 25 43 42
3 176 51 53
3 15 6 50
3 15 13 6
3 15 14 13
3 15 16 14
3 126 127 125
3 25 45 43
3 85 18 16
3 126 128 127
3 25 46 45
3 85 19 18
3 25 63 46
3 85 10 19
3 15 129 128
3 25 132 63
3 85 11 10
3 15 191 129
3 86 84 59
3 84 82 59
3 80 78 77
3 78 57 77
3 92 135 90
3 25 134 132
3 85 12 11
3 15 192 191
3 62 130 133
3 130 131 133
3 131 41 133
3 92 35 65
3 34 31 36
3 91 137 34
3 137 136 34
3 201 61 87
3 61 60 87
3 60 58 87
3 58 79 87
3 79 81 87
3 174 216 15
3 216 215 15
3 215 213 15
3 213 211 15
3 211 209 15
3 209 208 15
3 208 192 15
3 185 200 198
3 144 142 196
3 97 96 153
3 96 95 153
3 94 105 104
3 105 148 104
3 142 141 98
3 140 93 154
3 199 194 138
3 199 195 194
3 199 197 195
3 199 160 197
3 199 161 160
3 121 24 190
3 121 114 24
3 117 116 115
3 117 118 116
3 117 119 118
3 26 29 27
3 28 20 30
3 162 47 49
3 162 7 47
3 162 8 7
3 162 9 8
3 162 4 9
3 162 5 4
3 28 156 155
3 28 157 156
3 179 71 159
3 179 184 71
3 107 183 181
3 107 106 183
3 107 108 106
3 109 112 110
3 111 163 113
3 165 172 164
3 165 173 172
3 33 32 1
3 165 100 99
3 165 102 100
3 170 171 146
3 170 169 171
3 170 167 169
4 53 55 214 176
4 65 64 135 92
4 139 145 198 200
4 5 162 161 199
4 177 176 175 121
4 55 210 212 214
4 206 204 205 212
4 204 202 203 205
4 82 80 77 59
4 57 56 76 77
4 56 92 90 76
4 64 62 133 135
4 25 34 136 134
4 85 87 81 12
4 189 187 74 126
4 186 185 198 188
4 145 144 196 198
4 98 97 153 151
4 95 94 104 153
4 141 140 154 98
4 93 149 152 154
4 149 180 150 152
4 180 182 178 150
4 182 184 179 178
4 200 199 138 139
4 121 117 115 114
4 117 26 27 119
4 26 28 30 29
4 28 48 158 157
4 107 109 110 108
4 109 111 113 112
4 111 165 164 163
4 2 33 1 101
4 32 31 34 1
4 165 170 146 102
4 170 168 166 167
4 168 38 37 166
4 38 40 39 37
4 40 133 41 39
6 86 59 202 201 87 88
5 91 34 36 35 92
5 68 44 25 69 87
5 17 83 85 16 15
5 174 15 50 51 176
6 193 54 52 15 128 126
6 72 21 121 190 189 126
5 155 162 49 20 28
6 107 181 179 159 158 48
5 99 0 147 173 165
5 187 186 188 22 74
5 142 98 151 143 196
5 0 3 104 148 147
5 3 2 101 103 104
0
0
4
48
-0.000124 -106.452415 -34.999882
-0.000125 -119.452415 -34.999886
9.058503 -106.452415 -33.807255
9.058504 -119.452423 -33.807259
17.499880 -106.452408 -30.310631
17.499882 -119.452423 -30.310633
24.748632 -106.452415 -24.748631
24.748636 -119.452415 -24.748632
30.310760 -106.452415 -17.499880
30.310760 -119.452423 -17.499882
33.807388 -106.452415 -9.058629
33.807388 -119.452423 -9.058631
34.999889 -106.452415 0.000120
34.999889 -119.452423 0.000118
33.807388 -106.452423 9.058746
33.807388 -119.452423 9.058744
30.310760 -106.452423 17.500122
30.310760 -119.452423 17.500120
24.748632 -106.452423 24.748747
24.748636 -119.452423 24.748745
17.499880 -106.452415 30.310997
17.499882 -119.452423 30.310995
9.058503 -106.452423 33.807499
9.058504 -119.452431 33.807495
-0.000124 -106.452423 35.000122
-0.000125 -119.452423 35.000118
-9.058877 -106.452423 33.807499
-9.058877 -119.452431 33.807495
-17.500130 -106.452423 30.310997
-17.500130 -119.452431 30.310995
-24.748886 -106.452423 24.748747
-24.748880 -119.452431 24.748745
-30.311007 -106.452423 17.500122
-30.311008 -119.452423 17.500120
-33.807514 -106.452423 9.058746
-33.807510 -119.452423 9.058744
-35.000137 -106.452415 0.000120
-35.000134 -119.452431 0.000118
-33.807514 -106.452415 -9.058629
-33.807510 -119.452423 -9.058631
-30.311007 -106.452423 -17.499880
-30.311008 -119.452423 -17.499882
-24.748886 -106.452415 -24.748631
-24.748880 -119.452423 -24.748632
-17.500130 -106.452415 -30.310631
-17.500130 -119.452423 -30.310633
-9.058877 -106.452415 -33.807255
-9.058877 -119.452423 -33.807259
0
24
4 45 47 46 44
4 43 45 44 42
4 5 7 6 4
4 3 5 4 2
4 1 3 2 0
4 47 1 0 46
4 15 17 16 14
4 17 19 18 16
4 19 21 20 18
4 21 23 22 20
4 23 25 24 22
4 25 27 26 24
4 27 29 28 26
4 29 31 30 28
4 31 33 32 30
4 33 35 34 32
4 35 37 36 34
4 37 39 38 36
4 39 41 40 38
4 41 43 42 40
4 7 9 8 6
4 9 11 10 8
4 11 13 12 10
4 13 15 14 12
0
0
4
48
46.624893 -119.452415 0.000118
46.049892 -118.456490 0.000119
46.467266 -119.452423 -1.196882
45.911892 -118.456490 -1.048131
46.005264 -119.452415 -2.312382
45.507267 -118.456490 -2.024881
45.270264 -119.452415 -3.270257
44.863640 -118.456490 -2.863631
44.312393 -119.452415 -4.005256
44.024887 -118.456490 -3.507257
43.197014 -119.452423 -4.467256
43.048138 -118.456490 -3.911881
41.999889 -119.452423 -4.624881
41.999889 -118.456490 -4.049881
40.802887 -119.452415 -4.467256
40.951637 -118.456490 -3.911881
39.687389 -119.452423 -4.005256
39.974888 -118.456490 -3.507257
38.729515 -119.452415 -3.270257
39.136139 -118.456490 -2.863631
37.994514 -119.452423 -2.312382
38.492390 -118.456490 -2.024881
37.532513 -119.452423 -1.196882
38.087887 -118.456490 -1.048131
37.374889 -119.452415 0.000118
37.949890 -118.456490 0.000119
37.532513 -119.452423 1.197118
38.087887 -118.456490 1.048369
37.994514 -119.452423 2.312618
38.492390 -118.456490 2.025119
38.729515 -119.452415 3.270493
39.136139 -118.456490 2.863868
39.687389 -119.452423 4.005493
39.974888 -118.456490 3.507619
40.802887 -119.452415 4.467494
40.951637 -118.456490 3.912119
41.999889 -119.452423 4.625119
41.999889 -118.456490 4.050119
43.197014 -119.452423 4.467494
43.048138 -118.456490 3.912119
44.312393 -119.452415 4.005493
44.024887 -118.456490 3.507619
45.270264 -119.452415 3.270493
44.863640 -118.456497 2.863868
46.005264 -119.452415 2.312618
45.507267 -118.456490 2.025119
46.467266 -119.452423 1.197118
45.911892 -118.456490 1.048369
0
24
4 45 47 46 44
4 43 45 44 42
4 41 43 42 40
4 39 41 40 38
4 37 39 38 36
4 35 37 36 34
4 33 35 34 32
4 31 33 32 30
4 29 31 30 28
4 27 29 28 26
4 25 27 26 24
4 23 25 24 22
4 21 23 22 20
4 19 21 20 18
4 17 19 18 16
4 15 17 16 14
4 13 15 14 12
4 11 13 12 10
4 9 11 10 8
4 7 9 8 6
4 5 7 6 4
4 3 5 4 2
4 1 3 2 0
4 47 1 0 46
0
0
4
48
25.624884 -119.452423 36.373119
25.049759 -118.456497 36.373119
25.467260 -119.452431 35.176121
24.911884 -118.456490 35.324993
25.005260 -119.452423 34.060745
24.507383 -118.456497 34.348118
24.270258 -119.452423 33.102745
23.863760 -118.456497 33.509369
23.312386 -119.452423 32.367744
23.024883 -118.456490 32.865868
22.196884 -119.452423 31.905746
22.048134 -118.456497 32.461121
20.999884 -119.452431 31.748121
20.999882 -118.456497 32.323120
19.802881 -119.452423 31.905746
19.951632 -118.456497 32.461121
18.687382 -119.452423 32.367744
18.974882 -118.456497 32.865868
17.729631 -119.452423 33.102745
18.136131 -118.456497 33.509369
16.994507 -119.452423 34.060745
17.492382 -118.456497 34.348118
16.532507 -119.452431 35.176121
17.087881 -118.456497 35.324993
16.374882 -119.452423 36.373119
16.950006 -118.456497 36.373119
16.532507 -119.452431 37.570370
17.087881 -118.456497 37.421368
16.994507 -119.452423 38.685619
17.492382 -118.456497 38.398243
17.729631 -119.452423 39.643494
18.136131 -118.456497 39.236996
18.687382 -119.452423 40.378494
18.974882 -118.456497 39.880493
19.802881 -119.452423 40.840744
19.951632 -118.456497 40.285118
20.999884 -119.452431 40.998245
20.999882 -118.456497 40.423244
22.196884 -119.452423 40.840744
22.048134 -118.456497 40.285118
23.312386 -119.452423 40.378494
23.024883 -118.456490 39.880493
24.270258 -119.452423 39.643494
23.863760 -118.456497 39.236996
25.005260 -119.452423 38.685619
24.507383 -118.456497 38.398243
25.467260 -119.452431 37.570370
24.911884 -118.456490 37.421368
0
24
4 45 47 46 44
4 19 21 20 18
4 17 19 18 16
4 15 17 16 14
4 13 15 14 12
4 11 13 12 10
4 9 11 10 8
4 7 9 8 6
4 5 7 6 4
4 3 5 4 2
4 1 3 2 0
4 47 1 0 46
4 43 45 44 42
4 41 43 42 40
4 39 41 40 38
4 37 39 38 36
4 35 37 36 34
4 33 35 34 32
4 31 33 32 30
4 29 31 30 28
4 27 29 28 26
4 25 27 26 24
4 23 25 24 22
4 21 23 22 20
0
0
4
48
-16.375130 -119.452431 36.373119
-16.950130 -118.456497 36.373119
-16.532755 -119.452423 35.176121
-17.088129 -118.456497 35.324993
-16.994755 -119.452423 34.060745
-17.492630 -118.456497 34.348118
-17.729755 -119.452431 33.102745
-18.136379 -118.456497 33.509369
-18.687632 -119.452423 32.367744
-18.975130 -118.456497 32.865868
-19.803131 -119.452431 31.905746
-19.951880 -118.456497 32.461121
-21.000130 -119.452423 31.748121
-21.000130 -118.456497 32.323120
-22.197130 -119.452431 31.905746
-22.048382 -118.456497 32.461121
-23.312632 -119.452431 32.367744
-23.025129 -118.456490 32.865868
-24.270508 -119.452423 33.102745
-23.863884 -118.456497 33.509369
-25.005505 -119.452431 34.060745
-24.507505 -118.456497 34.348118
-25.467506 -119.452423 35.176121
-24.912132 -118.456490 35.324993
-25.625130 -119.452423 36.373119
-25.050133 -118.456497 36.373119
-25.467506 -119.452431 37.570370
-24.912132 -118.456497 37.421368
-25.005505 -119.452431 38.685619
-24.507505 -118.456497 38.398243
-24.270508 -119.452423 39.643494
-23.863884 -118.456505 39.236996
-23.312632 -119.452431 40.378494
-23.025129 -118.456497 39.880493
-22.197130 -119.452431 40.840744
-22.048382 -118.456497 40.285118
-21.000130 -119.452431 40.998245
-21.000130 -118.456497 40.423244
-19.803131 -119.452431 40.840744
-19.951880 -118.456497 40.285118
-18.687632 -119.452423 40.378494
-18.975130 -118.456497 39.880493
-17.729755 -119.452431 39.643494
-18.136379 -118.456497 39.236996
-16.994755 -119.452423 38.685619
-17.492630 -118.456497 38.398243
-16.532755 -119.452423 37.570370
-17.088129 -118.456497 37.421368
0
24
4 45 47 46 44
4 43 45 44 42
4 41 43 42 40
4 11 13 12 10
4 9 11 10 8
4 7 9 8 6
4 5 7 6 4
4 3 5 4 2
4 1 3 2 0
4 47 1 0 46
4 15 17 16 14
4 13 15 14 12
4 39 41 40 38
4 37 39 38 36
4 35 37 36 34
4 33 35 34 32
4 31 33 32 30
4 29 31 30 28
4 27 29 28 26
4 25 27 26 24
4 23 25 24 22
4 21 23 22 20
4 19 21 20 18
4 17 19 18 16
0
0
4
48
-37.375134 -119.452423 0.000118
-37.950134 -118.456490 0.000119
-37.532761 -119.452423 -1.196882
-38.088139 -118.456490 -1.048131
-37.994759 -119.452423 -2.312382
-38.492764 -118.456490 -2.024881
-38.729763 -119.452423 -3.270257
-39.136387 -118.456490 -2.863631
-39.687637 -119.452423 -4.005256
-39.975136 -118.456497 -3.507257
-40.803009 -119.452423 -4.467257
-40.951889 -118.456497 -3.911881
-42.000137 -119.452423 -4.624882
-42.000137 -118.456497 -4.049881
-43.197140 -119.452423 -4.467257
-43.048389 -118.456497 -3.911881
-44.312637 -119.452423 -4.005256
-44.025139 -118.456490 -3.507257
-45.270515 -119.452423 -3.270257
-44.863888 -118.456490 -2.863631
-46.005512 -119.452431 -2.312382
-45.507515 -118.456490 -2.024881
-46.467514 -119.452423 -1.196882
-45.912140 -118.456490 -1.048131
-46.625137 -119.452423 0.000118
-46.050140 -118.456490 0.000119
-46.467514 -119.452423 1.197118
-45.912140 -118.456490 1.048369
-46.005512 -119.452431 2.312618
-45.507515 -118.456490 2.025119
-45.270515 -119.452423 3.270493
-44.863888 -118.456490 2.863868
-44.312637 -119.452423 4.005493
-44.025139 -118.456490 3.507619
-43.197140 -119.452423 4.467493
-43.048389 -118.456497 3.912119
-42.000137 -119.452423 4.625118
-42.000137 -118.456497 4.050118
-40.803009 -119.452431 4.467493
-40.951889 -118.456497 3.912119
-39.687637 -119.452423 4.005493
-39.975136 -118.456497 3.507619
-38.729763 -119.452423 3.270493
-39.136387 -118.456490 2.863868
-37.994759 -119.452423 2.312618
-38.492764 -118.456490 2.025119
-37.532761 -119.452423 1.197118
-38.088139 -118.456490 1.048369
0
24
4 45 47 46 44
4 43 45 44 42
4 41 43 42 40
4 39 41 40 38
4 37 39 38 36
4 3 5 4 2
4 1 3 2 0
4 47 1 0 46
4 7 9 8 6
4 5 7 6 4
4 11 13 12 10
4 9 11 10 8
4 35 37 36 34
4 33 35 34 32
4 31 33 32 30
4 29 31 30 28
4 27 29 28 26
4 25 27 26 24
4 23 25 24 22
4 21 23 22 20
4 19 21 20 18
4 17 19 18 16
4 15 17 16 14
4 13 15 14 12
0
0
4
48
-16.375130 -119.452423 -36.373009
-16.950130 -118.456490 -36.373009
-16.532755 -119.452415 -37.570011
-17.088129 -118.456490 -37.421135
-16.994755 -119.452415 -38.685383
-17.492630 -118.456490 -38.398010
-17.729755 -119.452423 -39.643261
-18.136379 -118.456490 -39.236885
-18.687632 -119.452415 -40.378258
-18.975130 -118.456490 -39.880386
-19.803131 -119.452423 -40.840385
-19.951880 -118.456490 -40.284885
-21.000130 -119.452415 -40.997883
-21.000130 -118.456490 -40.422886
-22.197130 -119.452423 -40.840385
-22.048382 -118.456490 -40.284885
-23.312632 -119.452423 -40.378258
-23.025129 -118.456482 -39.880386
-24.270508 -119.452415 -39.643261
-23.863884 -118.456490 -39.236885
-25.005505 -119.452423 -38.685383
-24.507505 -118.456490 -38.398010
-25.467506 -119.452415 -37.570011
-24.912132 -118.456482 -37.421135
-25.625130 -119.452415 -36.373009
-25.050133 -118.456490 -36.373009
-25.467506 -119.452415 -35.175884
-24.912132 -118.456482 -35.324883
-25.005505 -119.452423 -34.060383
-24.507505 -118.456490 -34.348011
-24.270508 -119.452415 -33.102634
-23.863884 -118.456490 -33.509132
-23.312632 -119.452423 -32.367508
-23.025129 -118.456482 -32.865509
-22.197130 -119.452423 -31.905508
-22.048382 -118.456490 -32.460884
-21.000130 -119.452415 -31.747883
-21.000130 -118.456490 -32.323009
-19.803131 -119.452423 -31.905508
-19.951880 -118.456490 -32.460884
-18.687632 -119.452415 -32.367508
-18.975130 -118.456490 -32.865509
-17.729755 -119.452423 -33.102634
-18.136379 -118.456490 -33.509132
-16.994755 -119.452415 -34.060383
-17.492630 -118.456490 -34.348011
-16.532755 -119.452415 -35.175884
-17.088129 -118.456490 -35.324883
0
24
4 43 45 44 42
4 41 43 42 40
4 39 41 40 38
4 37 39 38 36
4 35 37 36 34
4 33 35 34 32
4 45 47 46 44
4 47 1 0 46
4 3 5 4 2
4 1 3 2 0
4 7 9 8 6
4 5 7 6 4
4 31 33 32 30
4 29 31 30 28
4 27 29 28 26
4 25 27 26 24
4 23 25 24 22
4 21 23 22 20
4 19 21 20 18
4 17 19 18 16
4 15 17 16 14
4 13 15 14 12
4 11 13 12 10
4 9 11 10 8
0
0
4
48
25.624884 -119.452415 -36.373009
25.049759 -118.456490 -36.373009
25.467260 -119.452415 -37.570011
24.911884 -118.456482 -37.421135
25.005260 -119.452415 -38.685383
24.507383 -118.456490 -38.398010
24.270258 -119.452415 -39.643261
23.863760 -118.456490 -39.236885
23.312386 -119.452415 -40.378258
23.024883 -118.456482 -39.880386
22.196882 -119.452415 -40.840385
22.048134 -118.456490 -40.284885
20.999884 -119.452415 -40.997883
20.999882 -118.456490 -40.422886
19.802881 -119.452415 -40.840385
19.951632 -118.456490 -40.284885
18.687382 -119.452415 -40.378258
18.974882 -118.456490 -39.880386
17.729631 -119.452415 -39.643261
18.136131 -118.456482 -39.236885
16.994507 -119.452415 -38.685383
17.492382 -118.456490 -38.398010
16.532507 -119.452423 -37.570011
17.087881 -118.456490 -37.421135
16.374882 -119.452415 -36.373009
16.950006 -118.456490 -36.373009
16.532507 -119.452423 -35.175884
17.087881 -118.456490 -35.324883
16.994507 -119.452415 -34.060383
17.492382 -118.456490 -34.348011
17.729631 -119.452415 -33.102634
18.136131 -118.456490 -33.509132
18.687382 -119.452415 -32.367508
18.974882 -118.456490 -32.865509
19.802881 -119.452415 -31.905508
19.951632 -118.456490 -32.460884
20.999884 -119.452423 -31.747883
20.999882 -118.456490 -32.323009
22.196884 -119.452415 -31.905508
22.048134 -118.456490 -32.460884
23.312386 -119.452415 -32.367508
23.024883 -118.456482 -32.865509
24.270258 -119.452415 -33.102634
23.863760 -118.456490 -33.509132
25.005260 -119.452415 -34.060383
24.507383 -118.456490 -34.348011
25.467260 -119.452415 -35.175884
24.911884 -118.456482 -35.324883
0
24
4 35 37 36 34
4 33 35 34 32
4 31 33 32 30
4 29 31 30 28
4 39 41 40 38
4 37 39 38 36
4 43 45 44 42
4 41 43 42 40
4 45 47 46 44
4 47 1 0 46
4 3 5 4 2
4 1 3 2 0
4 27 29 28 26
4 25 27 26 24
4 23 25 24 22
4 21 23 22 20
4 19 21 20 18
4 17 19 18 16
4 15 17 16 14
4 13 15 14 12
4 11 13 12 10
4 9 11 10 8
4 7 9 8 6
4 5 7 6 4
0
0
4
50
-0.000125 -119.452415 -48.999886
-0.000124 -116.452415 -48.999886
12.185756 -119.452415 -47.460510
12.185756 -116.452415 -47.460510
23.605759 -119.452415 -42.939011
23.605759 -116.452415 -42.939011
33.542763 -119.452423 -35.719383
33.542759 -116.452415 -35.719383
41.372013 -119.452415 -26.255383
41.372013 -116.452423 -26.255383
46.601643 -119.452415 -15.141756
46.601643 -116.452415 -15.141756
48.903267 -119.452415 -3.076632
48.903267 -116.452423 -3.076631
48.132019 -119.452423 9.181745
48.132019 -116.452415 9.181745
44.336262 -119.452415 20.863245
44.336266 -116.452423 20.863245
37.755013 -119.452423 31.233871
37.755013 -116.452423 31.233871
28.801386 -119.452431 39.641994
28.801386 -116.452423 39.641994
18.038006 -119.452423 45.559246
18.038006 -116.452431 45.559246
6.141253 -119.452431 48.613621
6.141253 -116.452423 48.613621
-6.141500 -119.452431 48.613621
-6.141501 -116.452423 48.613621
-18.038254 -119.452423 45.559246
-18.038256 -116.452431 45.559246
-28.801636 -119.452431 39.641994
-28.801632 -116.452423 39.641994
-37.755383 -119.452423 31.233871
-37.755386 -116.452423 31.233871
-44.336636 -119.452431 20.863245
-44.336639 -116.452423 20.863245
-48.132263 -119.452431 9.181745
-48.132263 -116.452423 9.181745
-48.903515 -119.452423 -3.076632
-48.903515 -116.452423 -3.076631
-46.601765 -119.452423 -15.141756
-46.601765 -116.452423 -15.141756
-41.372261 -119.452415 -26.255383
-41.372265 -116.452423 -26.255383
-33.543011 -119.452415 -35.719383
-33.543015 -116.452415 -35.719383
-23.606005 -119.452415 -42.939011
-23.606005 -116.452415 -42.939011
-12.185878 -119.452415 -47.460510
-12.185879 -116.452415 -47.460510
0
25
4 47 49 48 46
4 45 47 46 44
4 43 45 44 42
4 41 43 42 40
4 39 41 40 38
4 37 39 38 36
4 35 37 36 34
4 33 35 34 32
4 31 33 32 30
4 29 31 30 28
4 27 29 28 26
4 25 27 26 24
4 23 25 24 22
4 21 23 22 20
4 19 21 20 18
4 17 19 18 16
4 15 17 16 14
4 13 15 14 12
4 11 13 12 10
4 9 11 10 8
4 7 9 8 6
4 5 7 6 4
4 3 5 4 2
4 1 3 2 0
4 49 1 0 48
0
0
4
48
46.049892 -118.456490 0.000119
46.049892 -106.452415 0.000120
45.911892 -118.456490 -1.048131
45.911892 -106.452415 -1.048130
45.507267 -118.456490 -2.024881
45.507263 -106.452415 -2.024880
44.863640 -118.456490 -2.863631
44.863644 -106.452415 -2.863630
44.024887 -118.456490 -3.507257
44.024887 -106.452415 -3.507255
43.048138 -118.456490 -3.911881
43.048141 -106.452415 -3.911880
41.999889 -118.456490 -4.049881
41.999893 -106.452415 -4.049880
40.951637 -118.456490 -3.911881
40.951637 -106.452415 -3.911880
39.974888 -118.456490 -3.507257
39.974888 -106.452415 -3.507255
39.136139 -118.456490 -2.863631
39.136139 -106.452415 -2.863630
38.492390 -118.456490 -2.024881
38.492390 -106.452415 -2.024880
38.087887 -118.456490 -1.048131
38.087887 -106.452415 -1.048130
37.949890 -118.456490 0.000119
37.949890 -106.452415 0.000120
38.087887 -118.456490 1.048369
38.087887 -106.452415 1.048370
38.492390 -118.456490 2.025119
38.492390 -106.452415 2.025120
39.136139 -118.456490 2.863868
39.136139 -106.452415 2.863870
39.974888 -118.456490 3.507619
39.974888 -106.452415 3.507620
40.951637 -118.456490 3.912119
40.951637 -106.452423 3.912120
41.999889 -118.456490 4.050119
41.999893 -106.452415 4.050120
43.048138 -118.456490 3.912119
43.048141 -106.452415 3.912120
44.024887 -118.456490 3.507619
44.024887 -106.452415 3.507620
44.863640 -118.456497 2.863868
44.863644 -106.452415 2.863870
45.507267 -118.456490 2.025119
45.507263 -106.452415 2.025120
45.911892 -118.456490 1.048369
45.911892 -106.452415 1.048370
0
24
4 29 31 30 28
4 27 29 28 26
4 25 27 26 24
4 23 25 24 22
4 21 23 22 20
4 19 21 20 18
4 17 19 18 16
4 15 17 16 14
4 13 15 14 12
4 11 13 12 10
4 9 11 10 8
4 7 9 8 6
4 45 47 46 44
4 43 45 44 42
4 41 43 42 40
4 39 41 40 38
4 37 39 38 36
4 35 37 36 34
4 33 35 34 32
4 31 33 32 30
4 5 7 6 4
4 3 5 4 2
4 1 3 2 0
4 47 1 0 46
0
0
4
48
25.049759 -118.456497 36.373119
25.049759 -106.452415 36.373123
24.911884 -118.456490 35.324993
24.911884 -106.452423 35.324997
24.507383 -118.456497 34.348118
24.507381 -106.452415 34.348122
23.863760 -118.456497 33.509369
23.863756 -106.452415 33.509373
23.024883 -118.456490 32.865868
23.024881 -106.452423 32.865871
22.048134 -118.456497 32.461121
22.048132 -106.452415 32.461124
20.999882 -118.456497 32.323120
20.999882 -106.452415 32.323124
19.951632 -118.456497 32.461121
19.951632 -106.452415 32.461124
18.974882 -118.456497 32.865868
18.974882 -106.452423 32.865871
18.136131 -118.456497 33.509369
18.136131 -106.452423 33.509373
17.492382 -118.456497 34.348118
17.492382 -106.452415 34.348122
17.087881 -118.456497 35.324993
17.087881 -106.452423 35.324997
16.950006 -118.456497 36.373119
16.950006 -106.452423 36.373123
17.087881 -118.456497 37.421368
17.087881 -106.452423 37.421371
17.492382 -118.456497 38.398243
17.492382 -106.452415 38.398247
18.136131 -118.456497 39.236996
18.136131 -106.452423 39.237000
18.974882 -118.456497 39.880493
18.974882 -106.452423 39.880497
19.951632 -118.456497 40.285118
19.951632 -106.452415 40.285122
20.999882 -118.456497 40.423244
20.999882 -106.452415 40.423248
22.048134 -118.456497 40.285118
22.048132 -106.452415 40.285122
23.024883 -118.456490 39.880493
23.024881 -106.452423 39.880497
23.863760 -118.456497 39.236996
23.863756 -106.452415 39.237000
24.507383 -118.456497 38.398243
24.507381 -106.452415 38.398247
24.911884 -118.456490 37.421368
24.911884 -106.452423 37.421371
0
24
4 19 21 20 18
4 17 19 18 16
4 15 17 16 14
4 13 15 14 12
4 11 13 12 10
4 9 11 10 8
4 7 9 8 6
4 5 7 6 4
4 3 5 4 2
4 25 27 26 24
4 23 25 24 22
4 21 23 22 20
4 45 47 46 44
4 43 45 44 42
4 41 43 42 40
4 39 41 40 38
4 37 39 38 36
4 35 37 36 34
4 33 35 34 32
4 31 33 32 30
4 29 31 30 28
4 27 29 28 26
4 1 3 2 0
4 47 1 0 46
0
0
4
48
-16.950130 -118.456497 36.373119
-16.950130 -106.452423 36.373123
-17.088129 -118.456497 35.324993
-17.088129 -106.452423 35.324997
-17.492630 -118.456497 34.348118
-17.492630 -106.452423 34.348122
-18.136379 -118.456497 33.509369
-18.136381 -106.452423 33.509373
-18.975130 -118.456497 32.865868
-18.975130 -106.452423 32.865871
-19.951880 -118.456497 32.461121
-19.951881 -106.452423 32.461124
-21.000130 -118.456497 32.323120
-21.000132 -106.452423 32.323124
-22.048382 -118.456497 32.461121
-22.048382 -106.452423 32.461124
-23.025129 -118.456490 32.865868
-23.025129 -106.452423 32.865871
-23.863884 -118.456497 33.509369
-23.863884 -106.452423 33.509373
-24.507505 -118.456497 34.348118
-24.507511 -106.452423 34.348122
-24.912132 -118.456490 35.324993
-24.912132 -106.452423 35.324997
-25.050133 -118.456497 36.373119
-25.050135 -106.452423 36.373123
-24.912132 -118.456497 37.421368
-24.912132 -106.452423 37.421371
-24.507505 -118.456497 38.398243
-24.507511 -106.452423 38.398247
-23.863884 -118.456505 39.236996
-23.863884 -106.452423 39.237000
-23.025129 -118.456497 39.880493
-23.025129 -106.452423 39.880497
-22.048382 -118.456497 40.285118
-22.048382 -106.452423 40.285122
-21.000130 -118.456497 40.423244
-21.000132 -106.452423 40.423248
-19.951880 -118.456497 40.285118
-19.951881 -106.452423 40.285122
-18.975130 -118.456497 39.880493
-18.975130 -106.452423 39.880497
-18.136379 -118.456497 39.236996
-18.136381 -106.452423 39.237000
-17.492630 -118.456497 38.398243
-17.492630 -106.452423 38.398247
-17.088129 -118.456497 37.421368
-17.088129 -106.452423 37.421371
0
24
4 11 13 12 10
4 9 11 10 8
4 7 9 8 6
4 5 7 6 4
4 3 5 4 2
4 1 3 2 0
4 47 1 0 46
4 15 17 16 14
4 13 15 14 12
4 21 23 22 20
4 19 21 20 18
4 17 19 18 16
4 45 47 46 44
4 43 45 44 42
4 41 43 42 40
4 39 41 40 38
4 37 39 38 36
4 35 37 36 34
4 33 35 34 32
4 31 33 32 30
4 29 31 30 28
4 27 29 28 26
4 25 27 26 24
4 23 25 24 22
0
0
4
48
-37.950134 -118.456490 0.000119
-37.950142 -106.452423 0.000120
-38.088139 -118.456490 -1.048131
-38.088139 -106.452415 -1.048130
-38.492764 -118.456490 -2.024881
-38.492764 -106.452415 -2.024880
-39.136387 -118.456490 -2.863631
-39.136387 -106.452415 -2.863630
-39.975136 -118.456497 -3.507257
-39.975140 -106.452415 -3.507255
-40.951889 -118.456497 -3.911881
-40.951889 -106.452423 -3.911880
-42.000137 -118.456497 -4.049881
-42.000137 -106.452423 -4.049880
-43.048389 -118.456497 -3.911881
-43.048389 -106.452423 -3.911880
-44.025139 -118.456490 -3.507257
-44.025143 -106.452423 -3.507255
-44.863888 -118.456490 -2.863631
-44.863888 -106.452423 -2.863630
-45.507515 -118.456490 -2.024881
-45.507515 -106.452423 -2.024880
-45.912140 -118.456490 -1.048131
-45.912140 -106.452423 -1.048130
-46.050140 -118.456490 0.000119
-46.050140 -106.452423 0.000120
-45.912140 -118.456490 1.048369
-45.912140 -106.452423 1.048370
-45.507515 -118.456490 2.025119
-45.507515 -106.452423 2.025120
-44.863888 -118.456490 2.863868
-44.863888 -106.452423 2.863870
-44.025139 -118.456490 3.507619
-44.025143 -106.452423 3.507620
-43.048389 -118.456497 3.912119
-43.048389 -106.452423 3.912120
-42.000137 -118.456497 4.050118
-42.000137 -106.452423 4.050120
-40.951889 -118.456497 3.912119
-40.951889 -106.452423 3.912120
-39.975136 -118.456497 3.507619
-39.975140 -106.452415 3.507620
-39.136387 -118.456490 2.863868
-39.136387 -106.452415 2.863870
-38.492764 -118.456490 2.025119
-38.492764 -106.452415 2.025120
-38.088139 -118.456490 1.048369
-38.088139 -106.452415 1.048370
0
24
4 45 47 46 44
4 43 45 44 42
4 3 5 4 2
4 1 3 2 0
4 47 1 0 46
4 7 9 8 6
4 5 7 6 4
4 11 13 12 10
4 9 11 10 8
4 17 19 18 16
4 15 17 16 14
4 13 15 14 12
4 41 43 42 40
4 39 41 40 38
4 37 39 38 36
4 35 37 36 34
4 33 35 34 32
4 31 33 32 30
4 29 31 30 28
4 27 29 28 26
4 25 27 26 24
4 23 25 24 22
4 21 23 22 20
4 19 21 20 18
0
0
4
48
-16.950130 -118.456490 -36.373009
-16.950130 -106.452415 -36.373005
-17.088129 -118.456490 -37.421135
-17.088129 -106.452408 -37.421131
-17.492630 -118.456490 -38.398010
-17.492630 -106.452415 -38.398006
-18.136379 -118.456490 -39.236885
-18.136381 -106.452408 -39.236881
-18.975130 -118.456490 -39.880386
-18.975130 -106.452415 -39.880383
-19.951880 -118.456490 -40.284885
-19.951881 -106.452415 -40.284882
-21.000130 -118.456490 -40.422886
-21.000132 -106.452415 -40.422882
-22.048382 -118.456490 -40.284885
-22.048382 -106.452415 -40.284882
-23.025129 -118.456482 -39.880386
-23.025131 -106.452415 -39.880383
-23.863884 -118.456490 -39.236885
-23.863884 -106.452415 -39.236881
-24.507505 -118.456490 -38.398010
-24.507511 -106.452415 -38.398006
-24.912132 -118.456482 -37.421135
-24.912132 -106.452415 -37.421131
-25.050133 -118.456490 -36.373009
-25.050135 -106.452415 -36.373005
-24.912132 -118.456482 -35.324883
-24.912132 -106.452415 -35.324879
-24.507505 -118.456490 -34.348011
-24.507511 -106.452415 -34.348007
-23.863884 -118.456490 -33.509132
-23.863884 -106.452415 -33.509129
-23.025129 -118.456482 -32.865509
-23.025131 -106.452415 -32.865505
-22.048382 -118.456490 -32.460884
-22.048382 -106.452415 -32.460880
-21.000130 -118.456490 -32.323009
-21.000132 -106.452415 -32.323006
-19.951880 -118.456490 -32.460884
-19.951881 -106.452415 -32.460880
-18.975130 -118.456490 -32.865509
-18.975130 -106.452415 -32.865505
-18.136379 -118.456490 -33.509132
-18.136381 -106.452408 -33.509129
-17.492630 -118.456490 -34.348011
-17.492630 -106.452415 -34.348007
-17.088129 -118.456490 -35.324883
-17.088129 -106.452408 -35.324879
0
24
4 43 45 44 42
4 41 43 42 40
4 39 41 40 38
4 45 47 46 44
4 47 1 0 46
4 3 5 4 2
4 1 3 2 0
4 7 9 8 6
4 5 7 6 4
4 9 11 10 8
4 11 13 12 10
4 13 15 14 12
4 37 39 38 36
4 35 37 36 34
4 33 35 34 32
4 31 33 32 30
4 29 31 30 28
4 27 29 28 26
4 25 27 26 24
4 23 25 24 22
4 21 23 22 20
4 19 21 20 18
4 17 19 18 16
4 15 17 16 14
0
0
4
48
25.049759 -118.456490 -36.373009
25.049759 -106.452408 -36.373005
24.911884 -118.456482 -37.421135
24.911884 -106.452415 -37.421131
24.507383 -118.456490 -38.398010
24.507381 -106.452408 -38.398006
23.863760 -118.456490 -39.236885
23.863756 -106.452408 -39.236881
23.024883 -118.456482 -39.880386
23.024881 -106.452408 -39.880383
22.048134 -118.456490 -40.284885
22.048132 -106.452408 -40.284882
20.999882 -118.456490 -40.422886
20.999882 -106.452408 -40.422882
19.951632 -118.456490 -40.284885
19.951632 -106.452408 -40.284882
18.974882 -118.456490 -39.880386
18.974882 -106.452415 -39.880383
18.136131 -118.456482 -39.236885
18.136131 -106.452415 -39.236881
17.492382 -118.456490 -38.398010
17.492382 -106.452408 -38.398006
17.087881 -118.456490 -37.421135
17.087881 -106.452415 -37.421131
16.950006 -118.456490 -36.373009
16.950006 -106.452408 -36.373005
17.087881 -118.456490 -35.324883
17.087881 -106.452415 -35.324879
17.492382 -118.456490 -34.348011
17.492382 -106.452408 -34.348007
18.136131 -118.456490 -33.509132
18.136131 -106.452415 -33.509129
18.974882 -118.456490 -32.865509
18.974882 -106.452415 -32.865505
19.951632 -118.456490 -32.460884
19.951632 -106.452408 -32.460880
20.999882 -118.456490 -32.323009
20.999882 -106.452408 -32.323006
22.048134 -118.456490 -32.460884
22.048132 -106.452408 -32.460880
23.024883 -118.456482 -32.865509
23.024881 -106.452415 -32.865505
23.863760 -118.456490 -33.509132
23.863756 -106.452408 -33.509129
24.507383 -118.456490 -34.348011
24.507381 -106.452408 -34.348007
24.911884 -118.456482 -35.324883
24.911884 -106.452415 -35.324879
0
24
4 33 35 34 32
4 31 33 32 30
4 29 31 30 28
4 27 29 28 26
4 25 27 26 24
4 23 25 24 22
4 21 23 22 20
4 19 21 20 18
4 17 19 18 16
4 15 17 16 14
4 11 13 12 10
4 13 15 14 12
4 45 47 46 44
4 43 45 44 42
4 41 43 42 40
4 39 41 40 38
4 37 39 38 36
4 35 37 36 34
4 9 11 10 8
4 7 9 8 6
4 5 7 6 4
4 3 5 4 2
4 1 3 2 0
4 47 1 0 46
0
0
4
58
47.284641 -116.452423 59.499245
47.284641 -106.452423 59.499249
33.987762 -116.452431 67.976616
33.987762 -106.452423 67.976616
19.227758 -116.452431 73.527611
19.227757 -106.452423 73.527611
3.639876 -116.452431 75.912865
3.639877 -106.452431 75.912865
-12.104753 -116.452431 75.029991
-12.104754 -106.452423 75.029991
-27.328259 -116.452431 70.916740
-27.328257 -106.452423 70.916740
-41.375137 -116.452431 63.750496
-41.375137 -106.452431 63.750500
-53.640648 -116.452431 53.839619
-53.640640 -106.452431 53.839622
-63.597023 -116.452423 41.610619
-63.597027 -106.452431 41.610622
-70.815269 -116.452431 27.590496
-70.815269 -106.452423 27.590498
-74.984650 -116.452423 12.382245
-74.984650 -106.452423 12.382247
-75.925896 -116.452423 -3.359006
-75.925896 -106.452415 -3.359005
-73.598267 -116.452423 -18.955631
-73.598274 -106.452415 -18.955629
-68.101898 -116.452423 -33.736134
-68.101891 -106.452423 -33.736130
-59.673771 -116.452415 -47.064384
-59.673767 -106.452415 -47.064381
-48.676388 -116.452415 -58.366135
-48.676388 -106.452415 -58.366131
-35.583637 -116.452415 -67.155144
-35.583637 -106.452408 -67.155144
-20.958632 -116.452408 -73.052895
-20.958632 -106.452408 -73.052895
-5.431375 -116.452415 -75.805519
-5.431376 -106.452408 -75.805519
10.329629 -116.452415 -75.294518
10.329628 -106.452408 -75.294518
25.646009 -116.452415 -71.542015
25.646009 -106.452408 -71.542015
39.858139 -116.452408 -64.709267
39.858139 -106.452415 -64.709267
52.354397 -116.452415 -55.090759
52.354393 -106.452408 -55.090755
62.596523 -116.452415 -43.100384
62.596519 -106.452415 -43.100380
70.143890 -116.452415 -29.254381
70.143890 -106.452408 -29.254379
74.671150 -116.452415 -14.148881
74.671150 -106.452408 -14.148879
75.983772 -116.452415 1.565619
75.983772 -106.452415 1.565620
74.024895 -116.452415 17.212870
74.024895 -106.452423 17.212872
68.879265 -116.452423 32.118996
68.879265 -106.452423 32.118999
0
28
4 55 57 56 54
4 53 55 54 52
4 51 53 52 50
4 49 51 50 48
4 47 49 48 46
