12
KR270_R2700_ultra_C
1
16
-1
6
0
0
0
1
0
0
NOPROGRAM
17
0
1
2
3
4
5
6
7
8
9
10
11
12
13
14
15
16
1
1
1
8
KUKA
0
0.012
2000 2000 5000
360 360 360
720 720 720
0.5 0.5 0.5
0 0
1 2000 1 1 0.1 0.5 0
0 0 0 4 1 2 0 1
kin_rob_generic_KRU
none
none
6
1 1 1 1 1 1 1 1
S2
S6
S0
S4
S1
S5
S3
S7
1
mot_joint_0
mot_straight_0
mot_circular_0
mot_slew_0
mot_aux1_0
mot_aux2_0
0 0 0 0 0 0
0 0 0 0 0 0
0 -90 90 0 0 0
1
0 -90 90 0 0 0
=dof(1)
=dof(2)
=dof(3)
=dof(4)
=dof(5)
=dof(6)
1 2 3 4 5 6
-18 17 17 -16 17 -16
0 0 0 0 0 0
0 0 0 0 0 0
1 1 1
0 0 -1 0
0 1 0 0
1 0 0 0
240 0 0 1
1
1 0 0 0
0 1 0 0
0 0 1 0
0 0 0 1
1
1 0 0 0
0 1 0 0
0 0 1 0
0 0 0 1
0 675 1150 1200 0 0
350 0 -41 0 0 0
0 0 0 0 0 0 0 0
-3.22886
-2.44346
-2.0944
-6.10865
-2.13803
-6.10865
3.22886
-0.261799
2.70526
6.10865
2.13803
6.10865
105 101 107 122 113 175
180 180 180 180 180 180
0.5 0.5 0.5 0.5 0.5 0.5
0 0 0 0 0 0
0 0 0 0 0 0
32
6
0 0
*
*
*
*
*
*
*
*
*
*
DEFAULT
0
0
0
*
*
*
*
Home_1
0
*
Joint 1
Joint 2
Joint 3
Joint 4
Joint 5
Joint 6
Utool 1
Uframe 1
0 0 0
5
0.1 0.00174533
0 7.21587e-040 0.0341534 0 0 0
0 0 0 0 0 0
1 2 3 4 5 6
0 0 0 0 0 0
-0.03414678573608398 -5.390941192799995e-017 0.9994168281555176 0
-4.368589756609254e-008 1 -1.492603374231294e-009 0
-0.9994168281555176 -4.371138828673793e-008 -0.03414678573608398 0
0 0 0 1
1 0 0 0
0 -1 -1.224606353822377e-016 0
0 1.224606353822377e-016 -1 0
0 0 -675 1
6.123031769111886e-017 -6.123031769111886e-017 1 0
3.749151804555344e-033 1 6.123031769111886e-017 0
-1 0 6.123031769111886e-017 0
3.643376007244524e-044 0 0 1
0 0 -8.51713e-014 0 2.71051e-020 0
350 1150 1200.7 -8.29826e-037 -8.29826e-037 0
11
*KR-C1
*KR-C1
1 1 1 1 1 1
1 1 1 1 1 1
0 0 0 0
*
*
*
*
*
*
0
0
no_app_file
3
no_par_file
0 1 1 1
1
6
13 1 1 327684 0 0 
-1 -1
-1 -1 -1
-1 -1 -1
-1 -1 -1
7
0
0 267 0
Device Sequence Information
2
*
0
*
6 1 1 262145 0 
-1 1
1 1 1
-1 -1 -1
-1 -1 -1
1 0 0 0
0 1 0 0
0 0 1 0
0 0 2000 1
KUKA/KR270_R2700_ultra_C.0
0
0
0
10
0
*
*
*
*
*KR270_R2700_ultra_C.0
0
**BEGIN_ATTRIBUTES**
0
**END_ATTRIBUTES**
1
-1 1 1 262145 0 
-1 1
1 1 1
-1 -1 -1
-1 -1 -1
1 0 0 0
0 1 0 0
0 0 1 0
0 0 0 1
KUKA/KR270_R2700_ultra_C.1
2 5 -18
1 1
0
10
0
*
*
*
*
*KR270_R2700_ultra_C.1
0
**BEGIN_ATTRIBUTES**
0
**END_ATTRIBUTES**
1
6 1 1 262145 0 
-1 1
1 1 1
-1 -1 -1
-1 -1 -1
0.9932478666305542 0 -0.1160119846463203 0
0 -1 0 0
-0.1160119846463203 0 -0.9932478666305542 0
-446.9557495117188 244 -605.275390625 1
KUKA/KR270_R2700_ultra_C.cyl
2 5 17
0
1
=-sasa(200,DOF(2)+95*RAD,800)+sasa(200,5*RAD,800)
10
0
*
*
*
*
*KR270_R2700_ultra_C.cyl
0
**BEGIN_ATTRIBUTES**
0
**END_ATTRIBUTES**
01
-1 1 1 262145 0 
-1 1
1 1 1
-1 -1 -1
-1 -1 -1
1 0 0 0
0 -1 0 0
0 0 -1 0
350 0 -675.0001220703125 1
KUKA/KR270_R2700_ultra_C.2
2 5 17
1 2
0
10
0
*
*
*
*
*KR270_R2700_ultra_C.2
0
**BEGIN_ATTRIBUTES**
0
**END_ATTRIBUTES**
1
-1 1 1 262145 0 
-1 1
1 1 1
-1 -1 -1
-1 -1 -1
1 0 0 0
0 1 0 0
0 0 1 0
1149.99951171875 0 0 1
KUKA/KR270_R2700_ultra_C.3
2 5 17
1 3
0
10
0
*
*
*
*
*KR270_R2700_ultra_C.3
0
**BEGIN_ATTRIBUTES**
0
**END_ATTRIBUTES**
1
-1 1 1 262145 0 
-1 1
1 1 1
-1 -1 -1
-1 -1 -1
1 0 0 0
0 1 0 0
0 0 1 0
1200 0 -41 1
KUKA/KR270_R2700_ultra_C.4
2 5 -16
1 4
0
10
0
*
*
*
*
*KR270_R2700_ultra_C.4
0
**BEGIN_ATTRIBUTES**
0
**END_ATTRIBUTES**
1
-1 1 1 262145 0 
-1 1
1 1 1
-1 -1 -1
-1 -1 -1
1 0 0 0
0 1 0 0
0 0 1 0
0 0 0 1
KUKA/KR270_R2700_ultra_C.5
2 5 17
1 5
0
10
0
*
*
*
*
*KR270_R2700_ultra_C.5
0
**BEGIN_ATTRIBUTES**
0
**END_ATTRIBUTES**
1
22 1 1 262145 0 
-1 1
1 1 1
-1 -1 -1
-1 -1 -1
1 0 0 0
0 1 0 0
0 0 1 0
0 0 0 1
KUKA/KR270_R2700_ultra_C.6
2 5 -16
1 6
0
10
0
*
*
*
*
*KR270_R2700_ultra_C.6
0
**BEGIN_ATTRIBUTES**
0
**END_ATTRIBUTES**
00001
-1 1 1 262145 0 
-1 1
1 1 1
-1 -1 -1
-1 -1 -1
0.116008035838604 0 -0.9932482838630676 0
0 1 0 0
0.9932482838630676 0 0.116008035838604 0
0 -240 200 1
KUKA/KR270_R2700_ultra_C.pis
2 5 17
0
1
=sasa(800,DOF(2)+95*RAD,200)-sasa(800,5*RAD,200)
10
0
*
*
*
*
*KR270_R2700_ultra_C.pis
0
**BEGIN_ATTRIBUTES**
0
**END_ATTRIBUTES**
00007
0
0
1
3
4
5
6
7
0
22
0
0
0
0
0
0
0
0
0
0
0
0
0
0
**BEGIN_ATTRIBUTES**
5
1
1
Robot Name
3 1 0 0
*KR270_R2700_ultra_C
**END_ATTRIBUTES**
