12
M-2000iA-1200
1
16
-1
6
0
0
0
1
0
0
NOPROGRAM
17
0
1
2
3
4
5
6
7
8
9
10
11
12
13
14
15
16
2
9
9
8
FANUC RJ TPE
0
0.05
1500 1500 5000
160 160 160
720 720 720
0.308 0.308 0.308
0 0
1 2000 1 1 0.025 0.308 0
0 0 1 2 1 2 0 1
kin_rob_generic_FRU
none
none
6
1 1 0 0 0 0 0 0
NUT
FUT
N/A
N/A
N/A
N/A
N/A
N/A
1
mot_joint_gmf_karel_0
mot_straight_gmf_karel_0
mot_straight_gmf_karel_0
mot_joint_gmf_karel_0
mot_aux1_0
mot_aux2_0
0 0 0 0 0 0
0 0 0 0 0 0
0 0 0 0 0 0
2
0 0 0 0 -90 0
0 0 0 0 0 0
=dof(1)
=dof(2)
=-dof(3)-dof(2)
=dof(4)
=dof(5)
=dof(6)
1 2 3 4 5 6
18 17 17 -16 -17 -16
0 0 0 0 0 0
0 0 0 0 0 0
1 1 1
0 0 1 0
0 -1 0 0
1 0 -0 0
445 0 0 1
1
1 0 0 0
0 1 0 0
0 0 1 0
0 0 0 1
0 0 1 0
0 -1 0 0
1 0 0 0
0 0 -445 1
1 0 0 0
0 1 0 0
0 0 1 0
0 0 0 1
1 0 0 0
0 1 0 0
0 0 1 0
0 0 0 1
1 0 0 0
0 1 0 0
0 0 1 0
0 0 0 1
1 0 0 0
0 1 0 0
0 0 1 0
0 0 0 1
1 0 0 0
0 1 0 0
0 0 1 0
0 0 0 1
1 0 0 0
0 1 0 0
0 0 1 0
0 0 0 1
1 0 0 0
0 1 0 0
0 0 1 0
0 0 0 1
1
1 0 0 0
0 1 0 0
0 0 1 0
0 0 0 1
1 0 0 0
0 1 0 0
0 0 1 0
0 0 0 1
1 0 0 0
0 1 0 0
0 0 1 0
0 0 0 1
1 0 0 0
0 1 0 0
0 0 1 0
0 0 0 1
1 0 0 0
0 1 0 0
0 0 1 0
0 0 0 1
1 0 0 0
0 1 0 0
0 0 1 0
0 0 0 1
1 0 0 0
0 1 0 0
0 0 1 0
0 0 0 1
1 0 0 0
0 1 0 0
0 0 1 0
0 0 0 1
1 0 0 0
0 1 0 0
0 0 1 0
0 0 0 1
0 1050 1250 0 0 0
0 270 200 0 0 0
0 0 0 0 0 0 0 0
-2.87979
-1.0472
=ramp(dof(2)*DEG,65,-130,-60,-5)*RAD
-6.28319
-2.0944
-6.28319
2.87979
1.74533
=ramp(dof(2)*DEG,100,-30,35,35)*RAD
6.28319
2.0944
6.28319
45 30 30 50 50 70
180 180 180 180 180 180
0.7 0.616 0.616 0.532 0.532 0.532
0 0 0 0 0 0
0 0 0 0 0 0
50
6
0 0
*
*
*
*
*
*
*
*
*
*
DEFAULT
0
0
0
*
*
*
*
HOME
SYNC
0
*
*
Joint 1
Joint 2
Joint 3
Joint 4
Joint 5
Joint 6
Utool 1
Utool 2
Utool 3
Utool 4
Utool 5
Utool 6
Utool 7
Utool 8
Utool 9
Uframe 1
Uframe 2
Uframe 3
Uframe 4
Uframe 5
Uframe 6
Uframe 7
Uframe 8
Uframe 9
0 0 0
5
0.1 0.00174533
0 -1.5708 1.34156 0 0 0
0 0 0 0 1 0
1 2 3 4 5 6
0 0 0 0 0 0
0.2272294163703919 1.150584144561824e-016 0.9738412499427795 0
-4.256795449464335e-008 1 9.932513478361216e-009 0
-0.9738412499427795 -4.371138828673793e-008 0.2272294163703919 0
0 0 0 1
1 0 0 0
0 1 -2.514629062161204e-022 0
-0 2.514629062161204e-022 1 0
1.635552804302165e-012 1.790657791315986e-012 0.000160074545419775 1
6.123031769111886e-017 -6.122982138275133e-017 1 0
3.749121315170619e-033 1 6.122982138275133e-017 0
-1 -1.002657077193693e-040 6.123031769111886e-017 0
-1.048795274982695e-005 0 6.421806891058431e-022 1
0 0 -7.99999e-006 0 -5.28909e-013 0
500 1700 1540.29 9.21236e-005 9.21236e-005 0
11
*RJ-TPE
*RJ-TPE
1 1 1 1 1 1
1 1 1 1 1 1
0 0 0 0
*
*
*
*
*
*
0
0
no_app_file
3
no_par_file
0 1 1 1
1
6
10 1 1 327684 0 0 
-1 -1
-1 -1 -1
-1 -1 -1
-1 -1 -1
7
0
0 267 0
Device Sequence Information
2
*
0
*
22 1 1 262145 0 
-1 1
1 1 1
-1 -1 -1
-1 -1 -1
1 0 0 0
0 1 0 0
0 0 1 0
0 0 1300 1
FANUC/M2000iA1200.0
0
0
0
10
0
*
*
*
*
*M2000iA1200.0
0
**BEGIN_ATTRIBUTES**
0
**END_ATTRIBUTES**
1
-1 1 1 262145 0 
-1 1
1 1 1
-1 -1 -1
-1 -1 -1
1 0 0 0
0 1 0 0
0 0 1 0
0 0 0 1
FANUC/M2000iA1200.1
2 5 18
1 1
0
10
0
*
*
*
*
*M2000iA1200.1
0
**BEGIN_ATTRIBUTES**
0
**END_ATTRIBUTES**
1
-1 1 1 262145 0 
-1 1
1 1 1
-1 -1 -1
-1 -1 -1
-0.1283979713916779 0 -0.9917227625846863 0
0 1 0 0
0.9917227625846863 0 -0.1283979713916779 0
-270 -231 0 1
FANUC/M2000iA1200.cyl
2 5 17
0
1
=sasa(215,20*RAD-dof(2),770)-sasa(215,20*RAD,770)
10
0
*
*
*
*
*M2000iA1200.cyl
0
**BEGIN_ATTRIBUTES**
0
**END_ATTRIBUTES**
01
-1 1 1 262145 0 
-1 1
1 1 1
-1 -1 -1
-1 -1 -1
1 0 0 0
0 1 0 0
0 0 1 0
500 0 0 1
FANUC/M2000iA1200.2
2 5 17
1 2
0
10
0
*
*
*
*
*M2000iA1200.2
0
**BEGIN_ATTRIBUTES**
0
**END_ATTRIBUTES**
1
-1 1 1 262145 0 
-1 1
1 1 1
-1 -1 -1
-1 -1 -1
-0.1283979713916779 0 -0.9917227625846863 0
0 1 0 0
0.9917227625846863 0 -0.1283979713916779 0
-202.0340576171875 -231 -73.5340576171875 1
FANUC/M2000iA1200.pis
2 5 17
0
1
=sasa(770,20*RAD,215)-sasa(770,20*RAD-dof(2),215)
10
0
*
*
*
*
*M2000iA1200.pis
0
**BEGIN_ATTRIBUTES**
0
**END_ATTRIBUTES**
01
-1 1 1 262145 0 
-1 1
1 1 1
-1 -1 -1
-1 -1 -1
1 0 0 0
0 1 0 0
0 0 1 0
0 0 0 1
FANUC/M2000iA1200.2a
2 5 17
0
1
=-dof(3)-DOF(2)
10
0
*
*
*
*
*M2000iA1200.2a
0
**BEGIN_ATTRIBUTES**
0
**END_ATTRIBUTES**
1
-1 1 1 262145 0 
-1 1
1 1 1
-1 -1 -1
-1 -1 -1
1 0 0 0
0 1 0 0
0 0 1 0
-800 370 0 1
FANUC/M2000iA1200.2b
2 5 17
0
1
=dof(3)+DOF(2)
10
0
*
*
*
*
*M2000iA1200.2b
0
**BEGIN_ATTRIBUTES**
0
**END_ATTRIBUTES**
001
-1 1 1 262145 0 
-1 1
1 1 1
-1 -1 -1
-1 -1 -1
1 0 0 0
0 1 0 0
0 0 1 0
0 0 1700 1
FANUC/M2000iA1200.3
2 5 17
0
1
=-dof(3)-DOF(2)
10
0
*
*
*
*
*M2000iA1200.3
0
**BEGIN_ATTRIBUTES**
0
**END_ATTRIBUTES**
1
-1 1 1 262145 0 
-1 1
1 1 1
-1 -1 -1
-1 -1 -1
1 0 0 0
0 1 0 0
0 0 1 0
1500 0 350 1
FANUC/M2000iA1200.4
2 5 -16
1 4
0
10
0
*
*
*
*
*M2000iA1200.4
0
**BEGIN_ATTRIBUTES**
0
**END_ATTRIBUTES**
1
-1 1 1 262145 0 
-1 1
1 1 1
-1 -1 -1
-1 -1 -1
1 0 0 0
0 1 0 0
0 0 1 0
0 0 0 1
FANUC/M2000iA1200.5
2 5 -17
1 5
0
10
0
*
*
*
*
*M2000iA1200.5
0
**BEGIN_ATTRIBUTES**
0
**END_ATTRIBUTES**
1
22 1 1 262145 0 
-1 1
1 1 1
-1 -1 -1
-1 -1 -1
1 0 0 0
0 1 0 0
0 0 1 0
0 0 0 1
FANUC/M2000iA1200.6
2 5 -16
1 6
0
10
0
*
*
*
*
*M2000iA1200.6
0
**BEGIN_ATTRIBUTES**
0
**END_ATTRIBUTES**
000000010
0
0
1
3
7
8
9
10
0
22
0
0
0
0
0
0
0
0
0
0
0
0
0
0
**BEGIN_ATTRIBUTES**
5
1
1
Robot Name
3 1 0 0
*M-2000iA-1200
**END_ATTRIBUTES**
