12
R2000iC-125L
1
16
-1
6
0
0
0
1
0
0
NOPROGRAM
17
0
1
2
3
4
5
6
7
8
9
10
11
12
13
14
15
16
1
2
1
8
FANUC RJ TPE
0
0.05
2000 2000 5000
130 130 130
720 720 720
0.5 0.5 0.5
0 0
1 2000 1 1 0.025 0.5 0
0 0 1 2 1 2 0 0
kin_rob_generic_FRU
none
none
6
1 1 1 1 1 1 1 1
NUT
FUT
NDT
FDT
NDB
FDB
NUB
FUB
1
mot_joint_gmf_karel_0
mot_straight_gmf_karel_0
mot_straight_gmf_karel_0
mot_joint_gmf_karel_0
mot_aux1_0
mot_aux2_0
0 0 0 0 0 0
0 0 0 0 0 0
0 0 0 0 0 0
1
0 0 0 0 0 0
=dof(1)
=dof(2)
=-dof(3)-dof(2)
=dof(4)
=dof(5)
=dof(6)
1 2 3 4 5 6
18 17 17 -16 -17 -16
0 0 0 0 0 0
0 0 0 0 0 0
1 1 1
0 0 1 0
0 -1 0 0
1 0 -0 0
215 0 0 1
1
1 0 0 0
0 1 0 0
0 0 1 0
0 0 0 1
0 0 1 0
0 -1 0 0
1 0 -0 0
0 0 -215 1
1
1 0 0 0
0 1 0 0
0 0 1 0
0 0 0 1
0 1075 1730 0 0 0
0 312 225 0 0 0
0 0 0 0 0 0 0 0
-3.22886
-1.0472
=(ramp(dof(2)*DEG,76,-120.711,60,-116.758)+116.758+ramp(dof(2)*DEG,60,-116.758,45,-110.906)+110.906+ramp(dof(2)*DEG,45,-110.906,17.3387,-96.3387)+96.3387+ramp(dof(2)*DEG,17.3387,-96.3387,-60,-19))*RAD
-6.28319
-2.18166
-6.28319
3.22886
1.32645
=ramp(dof(2)*DEG,76,104,0,180)*RAD
6.28319
2.18166
6.28319
130 115 125 180 180 260
180 180 180 180 180 180
0.5 0.5 0.5 0.5 0.5 0.5
0 0 0 0 0 0
0 0 0 0 0 0
33
6
0 0
*
*
*
*
*
*
*
*
*
*
DEFAULT
0
0
0
*
*
*
*
Home_1
0
*
Joint 1
Joint 2
Joint 3
Joint 4
Joint 5
Joint 6
Utool 1
Utool 2
Uframe 1
0 0 0
5
0.1 0.00174533
0 -1.5708 1.44146 0 0 0
0 0 0 0 1 0
1 2 3 4 5 6
0 0 0 0 0 0
0.1289715468883514 -2.230327747371219e-017 0.9916483163833618 0
-4.334633274538646e-008 1 5.637526445667618e-009 0
-0.9916483163833618 -4.371139539216529e-008 0.1289715468883514 0
0 0 0 1
1 0 0 0
0 1 0 0
0 0 1 0
-0 -0 -0 1
6.123031769111886e-017 -6.123031769111886e-017 1 0
3.749151804555344e-033 1 6.123031769111886e-017 0
-1 0 6.123031769111886e-017 0
0 0 -0 1
0 0 7.95994e-014 0 0 0
312 1075 1744.57 0 -0 0
11
*RJ-TPE
*RJ-TPE
1 1 1 1 1 1
1 1 1 1 1 1
0 0 0 0
*
*
*
*
*
*
0
0
no_app_file
3
no_par_file
0 1 1 1
1
6
10 1 1 327684 0 0 
-1 -1
-1 -1 -1
-1 -1 -1
-1 -1 -1
7
0
0 267 0
Device Sequence Information
2
*
0
*
6 1 1 262145 0 
-1 1
1 1 1
-1 -1 -1
-1 -1 -1
1 0 0 0
0 1 0 0
0 0 1 0
0 0 670 1
FANUC/R2000iC-125L.0
0
0
0
10
0
*
*
*
*
*R2000iC-125L.0
0
**BEGIN_ATTRIBUTES**
0
**END_ATTRIBUTES**
1
-1 1 1 262145 0 
-1 1
1 1 1
-1 -1 -1
-1 -1 -1
1 0 0 0
0 1 0 0
0 0 1 0
0 0 0 1
FANUC/R2000iC-125L.1
2 5 18
1 1
0
10
0
*
*
*
*
*R2000iC-125L.1
0
**BEGIN_ATTRIBUTES**
0
**END_ATTRIBUTES**
1
-1 1 1 262145 0 
-1 1
1 1 1
-1 -1 -1
-1 -1 -1
1 0 0 0
0 1 0 0
0 0 1 0
312 0 0 1
FANUC/R2000iC-125L.2
2 5 17
1 2
0
10
0
*
*
*
*
*R2000iC-125L.2
0
**BEGIN_ATTRIBUTES**
0
**END_ATTRIBUTES**
1
-1 1 1 262145 0 
-1 1
1 1 1
-1 -1 -1
-1 -1 -1
1 0 0 0
0 1 0 0
0 0 1 0
0 0 1075 1
FANUC/R2000iC-125L.3
2 5 17
0
1
=-dof(3)-DOF(2)
10
0
*
*
*
*
*R2000iC-125L.3
0
**BEGIN_ATTRIBUTES**
0
**END_ATTRIBUTES**
1
-1 1 1 262145 0 
-1 1
1 1 1
-1 -1 -1
-1 -1 -1
1 0 0 0
0 1 0 0
0 0 1 0
1730 0 225 1
FANUC/R2000iC-125L.4
2 5 -16
1 4
0
10
0
*
*
*
*
*R2000iC-125L.4
0
**BEGIN_ATTRIBUTES**
0
**END_ATTRIBUTES**
1
-1 1 1 262145 0 
-1 1
1 1 1
-1 -1 -1
-1 -1 -1
1 0 0 0
0 1 0 0
0 0 1 0
0 0 0 1
FANUC/R2000iC-125L.5
2 5 -17
1 5
0
10
0
*
*
*
*
*R2000iC-125L.5
0
**BEGIN_ATTRIBUTES**
0
**END_ATTRIBUTES**
1
-1 1 1 262145 0 
-1 1
1 1 1
-1 -1 -1
-1 -1 -1
1 0 0 0
0 1 0 0
0 0 1 0
0 0 0 1
FANUC/R2000iC-125L.6
2 5 -16
1 6
0
10
0
*
*
*
*
*R2000iC-125L.6
0
**BEGIN_ATTRIBUTES**
0
**END_ATTRIBUTES**
00001
-1 1 1 262145 0 
-1 1
1 1 1
-1 -1 -1
-1 -1 -1
0.998470664024353 0 0.05528498068451881 0
0 1 -0 0
-0.05528498068451881 0 0.998470664024353 0
-214.2769165039063 188.9999542236328 -17.6168212890625 1
FANUC/R2000iC-125L.pis
2 5 17
0
1
=-DOF(2)-sasa(215,DOF(2),620)
10
0
*
*
*
*
*R2000iC-125L.pis
0
**BEGIN_ATTRIBUTES**
0
**END_ATTRIBUTES**
001
-1 1 1 262145 0 
-1 1
1 1 1
-1 -1 -1
-1 -1 -1
0.998470664024353 0 0.05528498068451881 0
0 1 -0 0
-0.05528498068451881 0 0.998470664024353 0
-306.7078552246094 188.9999237060547 -40.01007080078125 1
FANUC/R2000iC-125L.cyl
2 5 17
0
1
=-sasa(215, DOF(2),620)
10
0
*
*
*
*
*R2000iC-125L.cyl
0
**BEGIN_ATTRIBUTES**
0
**END_ATTRIBUTES**
0006
0
0
1
2
3
4
5
6
0
22
0
0
0
0
0
0
0
0
0
0
0
0
0
0
**BEGIN_ATTRIBUTES**
5
1
1
Robot Name
3 1 0 0
*R2000iC-125L
**END_ATTRIBUTES**
