12
EPX2700-A000
1
16
-1
6
0
0
0
1
0
0
NOPROGRAM
17
0
1
2
3
4
5
6
7
8
9
10
11
12
13
14
15
16
1
1
1
2
MOTOMAN NX100
0
0
2000 2000 5000
450 450 550
3000 3667 4333
0.5 0.5 0.5
0 0
1 375 1 0 0.1 0.5 0
0 0 0 2 1 2 0 0
kin_behr_rp6
none
none
6
1 1
Config_1
Config_2
0
mot_joint_motoman_0
mot_straight_motoman_0
mot_straight_motoman_0
mot_joint_motoman_0
mot_aux1_0
mot_aux2_0
0 0 0 0 0 0
0 0 0 0 0 0
0 90 0 0 0 0
1
0 90 0 0 0 0
=dof(1)
=dof(2)+90*RAD
=dof(3)
=dof(4)
=dof(5)
=dof(6)
1 2 3 4 5 6
18 -17 -17 18 18 18
0 0 0 0 0 0
0 0 0 0 0 0
1 1 1
0 1 0 0
-1 0 0 0
0 0 1 0
0 0 123.0155334472656 1
1
1 0 0 0
0 1 0 0
0 0 1 0
0 0 0 1
1
1 0 0 0
0 1 0 0
0 0 1 0
0 0 0 1
0 1300 1456.98 98.7 0 0
0 0 0 0 0 60
0 0 0 0 60 0 0 0
=-25*RAD
=-50*RAD
=ramp(dof(2)*DEG,80,-65,-35,0)*RAD
=-720*RAD
=-720*RAD
=-720*RAD
=125*RAD
=155*RAD
=90*RAD
=720*RAD
=720*RAD
=720*RAD
100 100 110 450 450 550
333.34 333.34 366.67 1500 1500 1833.49
0.5 0.5 0.5 0.5 0.5 0.5
0 0 0 0 0 0
0 0 0 0 0 0
32
6
0 0
*
*
*
*
*
*
*
*
*
*
DEFAULT
0
0
0
*
*
*
*
Home_1
0
*
Joint 1
Joint 2
Joint 3
Joint 4
Joint 5
Joint 6
Utool 1
Uframe 1
0 0 0
8
0.1 0.00174533
0 0 0 0 0 0
0 0 0 0 0 0
1 2 3 4 5 6
0 0 0 0 0 0
1 0 0 0
0 1 0 0
0 0 1 0
0 0 0 1
1 0 0 0
0 1 0 0
0 0 1 0
0 0 0 1
1 0 0 0
0 1 0 0
0 0 1 0
0 0 0 1
0 0 0 0 0 0
0 0 0 0 0 0
11
*MOT-MRC
*MOT-MRC
1 1 1 1 1 1
1 1 1 1 1 1
0 0 0 0
*
*
*
*
*
*
0
0
no_app_file
3
MOTOMAN/NX100/EPX2700-A000.par
0 1 1 1
1
6
4 1 1 327685 0 0 
-1 -1
-1 -1 -1
-1 -1 -1
-1 -1 -1
7
0
0 267 0
Device Sequence Information
2
*
0
*
-1 1 1 262145 0 
-1 1
1 1 1
-1 -1 -1
-1 -1 -1
1 0 0 0
0 1 0 0
0 0 1 0
0 0 600 1
MOTOMAN/EPX2700/EPX2700-A000.0
0
0
0
10
0
*
*
*
*
*EPX2700-A000.0
0
**BEGIN_ATTRIBUTES**
0
**END_ATTRIBUTES**
1
-1 1 1 262145 0 
-1 1
1 1 1
-1 -1 -1
-1 -1 -1
1 0 0 0
0 1 0 0
0 0 1 0
0 0 0 1
MOTOMAN/EPX2700/EPX2700-A000.1
2 5 18
1 1
0
10
0
*
*
*
*
*EPX2700-A000.1
0
**BEGIN_ATTRIBUTES**
0
**END_ATTRIBUTES**
1
-1 1 1 262145 0 
-1 1
1 1 1
-1 -1 -1
-1 -1 -1
0 0 -1 0
0 1 0 0
1 0 0 0
-3.7270569281073e-021 0 8.526512829121202e-014 1
MOTOMAN/EPX2700/EPX2700-A000.2
2 5 -17
1 2
0
10
0
*
*
*
*
*EPX2700-A000.2
0
**BEGIN_ATTRIBUTES**
0
**END_ATTRIBUTES**
1
-1 1 1 262145 0 
-1 1
1 1 1
-1 -1 -1
-1 -1 -1
1 0 0 0
0 1 0 0
0 0 1 0
0 0 1300 1
MOTOMAN/EPX2700/EPX2700-A000.3
2 5 -17
1 3
0
10
0
*
*
*
*
*EPX2700-A000.3
0
**BEGIN_ATTRIBUTES**
0
**END_ATTRIBUTES**
1
-1 1 1 262145 0 
-1 1
1 1 1
-1 -1 -1
-1 -1 -1
-4.371138828673793e-008 -1 7.89264802004485e-025 0
-4.371138828673793e-008 1.910685465164705e-015 -1 0
1 -4.371138828673793e-008 -4.371138828673793e-008 0
1400 3.240074875066057e-012 3.240074875066057e-012 1
MOTOMAN/EPX2700/EPX2700-A000.4
2 5 18
1 4
0
10
0
*
*
*
*
*EPX2700-A000.4
0
**BEGIN_ATTRIBUTES**
0
**END_ATTRIBUTES**
1
-1 1 1 262145 0 
-1 1
1 1 1
-1 -1 -1
-1 -1 -1
-9.755217433848884e-007 0.4999958574771881 -0.86602783203125 0
-1 -1.951046442627558e-006 7.602042259580166e-012 0
-1.689656755843316e-006 0.86602783203125 0.4999958574771881 0
1.027025825495187e-010 98.69984436035156 56.98117446899414 1
MOTOMAN/EPX2700/EPX2700-A000.5
2 5 18
1 5
0
10
0
*
*
*
*
*EPX2700-A000.5
0
**BEGIN_ATTRIBUTES**
0
**END_ATTRIBUTES**
1
-1 1 1 262145 0 
-1 1
1 1 1
-1 -1 -1
-1 -1 -1
-4.371139894487897e-008 1 -1.855500845134614e-015 0
-0.5000001788139343 -2.185570835422368e-008 -0.8660253286361694 0
-0.8660253286361694 -3.78551767710178e-008 0.5000001788139343 0
8.27578787720995e-007 3.617461893728156e-014 -1.933781959451153e-006 1
MOTOMAN/EPX2700/EPX2700-A000.6
2 5 18
1 6
0
10
0
*
*
*
*
*EPX2700-A000.6
0
**BEGIN_ATTRIBUTES**
0
**END_ATTRIBUTES**
00000006
0
0
1
2
3
4
5
6
0
22
0
0
0
0
0
0
0
0
0
0
0
0
0
0
**BEGIN_ATTRIBUTES**
5
1
1
Robot Name
3 1 0 0
*EPX2700-A000
**END_ATTRIBUTES**
