12
ES165RN-A00G
1
16
-1
6
0
0
0
1
0
0
NOPROGRAM
17
0
1
2
3
4
5
6
7
8
9
10
11
12
13
14
15
16
1
2
1
8
MOTOMAN NX100
0
0.016
1600 1600 5000
360 360 360
720 720 720
0.5 0.5 0.5
0 0
1 1 1 1 0.1 0.5 0
0 1 0 2 0 2 1 1
kin_rob_generic_MRU
none
none
6
1 1 1 1 1 1 1 1
Config_1
Config_2
Config_3
Config_4
Config_5
Config_6
Config_7
Config_8
0
mot_joint_motoman_0
mot_straight_motoman_0
mot_straight_motoman_0
mot_joint_motoman_0
mot_aux1_0
mot_aux2_0
0 0 0 0 0 0
0 0 0 0 0 0
0 0 -90 0 0 0
1
0 0 -90 0 0 0
=dof(1)
=dof(2)
=dof(3)
=dof(4)
=dof(5)
=dof(6)
1 2 3 4 5 6
18 -17 -17 -18 -17 -18
0 0 0 0 0 0
0 0 0 0 0 0
1 1 1
1 0 0 0
0 -1 0 0
0 0 -1 0
0 0 -225 1
1
1 0 0 0
0 1 0 0
0 0 1 0
0 0 0 1
1 0 0 0
0 1 0 0
0 0 1 0
0 0 0 1
1
1 0 0 0
0 1 0 0
0 0 1 0
0 0 0 1
0 0 0 0 0 0
0 0 0 0 0 0
0 0 0 0 0 0 0 0
-3.14159
=-80*RAD
=ramp(dof(2)*DEG,0,-169.4,-80,-122)*RAD
-3.57792
-2.0944
-3.14159
3.14159
2.26893
-0.20944
3.57792
2.0944
3.14159
105 105 105 175 145 240
1050 105 328 365 439 889
0.5 0.5 0.5 0.5 0.5 0.5
0 0 0 0 0 0
0 0 0 0 0 0
33
6
0 0
*
*
*
*
*
*
*
*
*
*
DEFAULT
0
0
0
*
*
*
*
Home_1
0
*
Joint 1
Joint 2
Joint 3
Joint 4
Joint 5
Joint 6
Utool 1
Utool 2
Uframe 1
0 0 0
5
0.1 0.00174533
0 0 -0.201317 0 0 0
0 1 1 0 0 0
1 2 3 4 5 6
0 0 0 0 0 0
0.1999600529670715 0 0.9798040390014648 0
0 -1 0 0
0.9798040390014648 0 -0.1999600529670715 0
0 0 0 1
1 0 0 0
0 1 0 0
0 0 1 0
0 0 0 1
1 0 0 0
0 -1 0 0
0 0 -1 0
0 0 0.0001078456334653311 1
0 0 0 0 0 0
740 1150 1250.25 0 0 0
11
*MOT-MRC
*MOT-MRC
1 1 1 1 1 1
1 1 1 1 1 1
0 0 0 0
*
*
*
*
*
*
0
0
no_app_file
3
MOTOMAN/NX100/ES165RN-A00G.par
0 1 1 1
1
6
10 1 1 327684 0 0 
-1 -1
-1 -1 -1
-1 -1 -1
-1 -1 -1
7
0
0 267 0
Device Sequence Information
2
*
0
*
-1 1 1 262145 0 
-1 1
1 1 1
-1 -1 -1
-1 -1 -1
1 0 0 0
0 1 0 0
0 0 1 0
0 0 450 1
MOTOMAN/ES165RN-A00G.0
0
0
0
10
0
*
*
*
*
*ES165RN-A00G.0
0
**BEGIN_ATTRIBUTES**
0
**END_ATTRIBUTES**
1
-1 1 1 262145 0 
-1 1
1 1 1
-1 -1 -1
-1 -1 -1
1 0 0 0
0 1 0 0
0 0 1 0
0 0 0 1
MOTOMAN/ES165RN-A00G.1
2 5 18
1 1
0
10
0
*
*
*
*
*ES165RN-A00G.1
0
**BEGIN_ATTRIBUTES**
0
**END_ATTRIBUTES**
1
-1 1 1 262145 0 
-1 1
1 1 1
-1 -1 -1
-1 -1 -1
1 0 0 0
0 1 0 0
0 0 1 0
740 0 0 1
MOTOMAN/ES165RN-A00G.2
2 5 -17
1 2
0
10
0
*
*
*
*
*ES165RN-A00G.2
0
**BEGIN_ATTRIBUTES**
0
**END_ATTRIBUTES**
1
-1 1 1 262145 0 
-1 1
1 1 1
-1 -1 -1
-1 -1 -1
0.4683302342891693 0 0.8835535049438477 0
0 1 -0 0
-0.8835535049438477 0 0.4683302342891693 0
126.1870346069336 -284.5 180.2130126953125 1
MOTOMAN/ES165RN-A00.2a
2 5 17
0
1
=sasa(1049.95, 107.257*RAD-dof(2), 220)
10
0
*
*
*
*
*ES165RN-A00G.2a
0
**BEGIN_ATTRIBUTES**
0
**END_ATTRIBUTES**
01
-1 1 1 262145 0 
-1 1
1 1 1
-1 -1 -1
-1 -1 -1
0 0 1 0
0 1 -0 0
-1 0 0 0
1150 0 0 1
MOTOMAN/ES165RN-A00G.3
2 5 -17
1 3
0
10
0
*
*
*
*
*ES165RN-A00G.3
0
**BEGIN_ATTRIBUTES**
0
**END_ATTRIBUTES**
1
-1 1 1 262145 0 
-1 1
1 1 1
-1 -1 -1
-1 -1 -1
1 0 0 0
0 1 0 0
0 0 1 0
250 0 -1225 1
MOTOMAN/ES165RN-A00G.4
2 5 -18
1 4
0
10
0
*
*
*
*
*ES165RN-A00G.4
0
**BEGIN_ATTRIBUTES**
0
**END_ATTRIBUTES**
1
-1 1 1 262145 0 
-1 1
1 1 1
-1 -1 -1
-1 -1 -1
1 0 0 0
0 1 0 0
0 0 1 0
0 0 0 1
MOTOMAN/ES165RN-A00G.5
2 5 -17
1 5
0
10
0
*
*
*
*
*ES165RN-A00G.5
0
**BEGIN_ATTRIBUTES**
0
**END_ATTRIBUTES**
1
-1 1 1 262145 0 
-1 1
1 1 1
-1 -1 -1
-1 -1 -1
1 0 0 0
0 1 0 0
0 0 1 0
0 0 0 1
MOTOMAN/ES165RN-A00G.6
2 5 -18
1 6
0
10
0
*
*
*
*
*ES165RN-A00G.6
0
**BEGIN_ATTRIBUTES**
0
**END_ATTRIBUTES**
000001
-1 1 1 262145 0 
-1 1
1 1 1
-1 -1 -1
-1 -1 -1
0.9827132225036621 0 -0.1851343214511871 0
0 1 0 0
0.1851343214511871 -0 0.9827132225036621 0
-260 -423 320 1
MOTOMAN/ES165RN-A00G.1a
2 5 17
0
1
=-sasa(220, 107.257*RAD-dof(2), 1049.95)
10
0
*
*
*
*
*ES165RN-A00G.1a
0
**BEGIN_ATTRIBUTES**
0
**END_ATTRIBUTES**
0007
0
0
1
2
4
5
6
7
0
22
0
0
0
0
0
0
0
0
0
0
0
0
0
0
**BEGIN_ATTRIBUTES**
5
1
1
Robot Name
3 1 0 0
*ES165RN-A00G
**END_ATTRIBUTES**
