12
ES200RN-A10
1
16
-1
6
0
0
0
1
0
0
NOPROGRAM
17
0
1
2
3
4
5
6
7
8
9
10
11
12
13
14
15
16
1
2
1
8
MOTOMAN NX100
0
0
1600 1600 5000
360 360 360
720 720 720
0.5 0.5 0.5
0 0
1 1 1 1 0.1 0.5 0
0 1 0 2 0 2 0 1
kin_rob_generic_MRU
none
none
6
1 1 1 1 1 1 1 1
Config_1
Config_2
Config_3
Config_4
Config_5
Config_6
Config_7
Config_8
0
mot_joint_motoman_0
mot_straight_motoman_0
mot_straight_motoman_0
mot_joint_motoman_0
mot_aux1_0
mot_aux2_0
0 0 0 0 0 0
0 0 0 0 0 0
0 0 -90 0 0 0
1
0 0 -90 0 0 0
=dof(1)
=dof(2)
=dof(3)
=dof(4)
=dof(5)
=dof(6)
1 2 3 4 5 6
18 -17 -17 -18 -17 -18
0 0 0 0 0 0
0 0 0 0 0 0
1 1 1
1 0 0 0
0 -1 0 0
0 0 -1 0
0 0 -225 1
1
1 0 0 0
0 1 0 0
0 0 1 0
0 0 0 1
1 0 0 0
0 -1 0 0
0 0 -1 0
0 0 -225 1
1
1 0 0 0
0 1 0 0
0 0 1 0
0 0 0 1
0 0 0 0 0 0
0 0 0 0 0 0
0 0 0 0 0 0 0 0
-3.14159
-1.39627
=ramp(dof(2)*DEG,0,-168.4,-80,-115)*RAD
-6.28319
-2.40855
-6.28319
3.14159
2.26893
=ramp(dof(2)*DEG,130,-30,78,0)*RAD
6.28319
2.40855
6.28319
90 85 85 175 145 240
900 85 266 365 439 889
0.1 1 0.32 0.48 0.33 0.27
0 0 0 0 0 0
0 0 0 0 0 0
33
6
0 0
*
*
*
*
*
*
*
*
*
*
DEFAULT
0
0
0
*
*
*
*
Home_1
0
*
Joint 1
Joint 2
Joint 3
Joint 4
Joint 5
Joint 6
Utool 1
Utool 2
Uframe 1
0 0 0
5
0.1 0.00174533
0 0 -0.11849 0 0 0
0 1 1 0 0 0
1 2 3 4 5 6
0 0 0 0 0 0
0.1182128712534905 2.478125647903688e-016 0.9929882884025574 0
-4.340489567766781e-008 -1 5.167248851023487e-009 0
0.9929882884025574 -4.371138828673793e-008 -0.1182128712534905 0
0 0 0 1
1 0 0 0
0 1 0 0
0 0 1 0
0 0 0 1
1 0 0 0
0 -1 1.224606353822377e-016 0
0 -1.224606353822377e-016 -1 0
0 1.320685047834617e-020 0.0001078456771210767 1
0 0 -1.28584e-013 0 4.71408e-012 0
740 1150 2114.83 -1.65754e-005 -1.65754e-005 0
11
*MOT-MRC
*MOT-MRC
1 1 1 1 1 1
1 1 1 1 1 1
0 0 0 0
*
*
*
*
*
*
0
0
no_app_file
3
MOTOMAN/NX100/ES200RN-A10.par
0 1 1 1
1
6
16 1 1 327684 0 0 
-1 -1
-1 -1 -1
-1 -1 -1
-1 -1 -1
7
0
0 267 0
Device Sequence Information
2
*
0
*
-1 1 1 262145 0 
-1 1
1 1 1
-1 -1 -1
-1 -1 -1
1 0 0 0
0 1 0 0
0 0 1 0
0 0 450 1
MOTOMAN/ES200RN-A10.0
0
0
0
10
0
*
*
*
*
*ES200RN-A10.0
0
**BEGIN_ATTRIBUTES**
0
**END_ATTRIBUTES**
1
-1 1 1 262145 0 
-1 1
1 1 1
-1 -1 -1
-1 -1 -1
1 0 0 0
0 1 0 0
0 0 1 0
0 0 0 1
MOTOMAN/ES200RN-A10.1
2 5 18
1 1
0
10
0
*
*
*
*
*ES200RN-A10.1
0
**BEGIN_ATTRIBUTES**
0
**END_ATTRIBUTES**
1
-1 1 1 262145 0 
-1 1
1 1 1
-1 -1 -1
-1 -1 -1
0.9827132225036621 0 -0.1851342767477036 0
0 1 0 0
0.1851342767477036 -0 0.9827132225036621 0
-260.0001220703125 -423 320.00048828125 1
MOTOMAN/ES200RN-A10.1a
2 5 17
0
1
=-sasa(220, 107.257*RAD-dof(2), 1049.95)
10
0
*
*
*
*
*ES200RN-A10.1a
0
**BEGIN_ATTRIBUTES**
0
**END_ATTRIBUTES**
01
-1 1 1 262145 0 
-1 1
1 1 1
-1 -1 -1
-1 -1 -1
1 0 0 0
0 1 0 0
0 0 1 0
740 0 0 1
MOTOMAN/ES200RN-A10.2
2 5 -17
1 2
0
10
0
*
*
*
*
*ES200RN-A10.2
0
**BEGIN_ATTRIBUTES**
0
**END_ATTRIBUTES**
1
-1 1 1 262145 0 
-1 1
1 1 1
-1 -1 -1
-1 -1 -1
0.4683305621147156 0 0.8835533261299133 0
0 1 -0 0
-0.8835533261299133 0 0.4683305621147156 0
126.18701171875 -284.5 180.2130126953125 1
MOTOMAN/ES200RN-A10.2a
2 5 17
0
1
=sasa(1049.95, 107.257*RAD-dof(2), 220)
10
0
*
*
*
*
*ES200RN-A10.2a
0
**BEGIN_ATTRIBUTES**
0
**END_ATTRIBUTES**
01
-1 1 1 262145 0 
-1 1
1 1 1
-1 -1 -1
-1 -1 -1
1.947071837093972e-007 0 1 0
0 1 -0 0
-1 0 1.947071837093972e-007 0
1150 0 0 1
MOTOMAN/ES200RN-A10.3
2 5 -17
1 3
0
10
0
*
*
*
*
*ES200RN-A10.3
0
**BEGIN_ATTRIBUTES**
0
**END_ATTRIBUTES**
1
-1 1 1 262145 0 
-1 1
1 1 1
-1 -1 -1
-1 -1 -1
1 0 0 0
0 1 0 0
0 0 1 0
250 0 -2100 1
MOTOMAN/ES200RN-A10.4
2 5 -18
1 4
0
10
0
*
*
*
*
*ES200RN-A10.4
0
**BEGIN_ATTRIBUTES**
0
**END_ATTRIBUTES**
1
-1 1 1 262145 0 
-1 1
1 1 1
-1 -1 -1
-1 -1 -1
1 0 0 0
0 1 0 0
0 0 1 0
0 0 0 1
MOTOMAN/ES200RN-A10.5
2 5 -17
1 5
0
10
0
*
*
*
*
*ES200RN-A10.5
0
**BEGIN_ATTRIBUTES**
0
**END_ATTRIBUTES**
1
-1 1 1 262145 0 
-1 1
1 1 1
-1 -1 -1
-1 -1 -1
1 0 0 0
0 1 0 0
0 0 1 0
0 0 0 1
MOTOMAN/ES200RN-A10.6
2 5 -18
1 6
0
10
0
*
*
*
*
*ES200RN-A10.6
0
**BEGIN_ATTRIBUTES**
0
**END_ATTRIBUTES**
00000008
0
0
1
3
5
6
7
8
0
22
0
0
0
0
0
0
0
0
0
0
0
0
0
0
**BEGIN_ATTRIBUTES**
5
1
1
Robot Name
3 1 0 0
*ES200RN-A10
**END_ATTRIBUTES**
