12
KR500L340-3
1
16
-1
6
0
0
0
1
0
0
NOPROGRAM
17
0
1
2
3
4
5
6
7
8
9
10
11
12
13
14
15
16
1
2
1
8
KUKA
0
0.012
2000 2000 5000
360 360 360
720 720 720
0.5 0.5 0.5
0 0
1 2000 0 1 0.1 0.5 0
0 0 0 4 1 2 0 1
kin_rob_generic_KRU
none
none
6
1 1 1 1 1 1 1 1
S0
S4
S2
S6
S3
S7
S1
S5
3
mot_joint_0
mot_straight_0
mot_circular_0
mot_slew_0
mot_aux1_0
mot_aux2_0
0 0 0 0 0 0
0 0 0 0 0 0
0 -90 90 0 0 0
1
0 -90 90 0 0 0
=dof(1)
=dof(2)
=dof(3)
=dof(4)
=dof(5)
=dof(6)
1 2 3 4 5 6
-18 17 17 -16 17 -16
0 0 0 0 0 0
0 0 0 0 0 0
1 1 1
0 0 -1 0
0 1 0 0
1 0 0 0
290 0 0 1
1
1 0 0 0
0 1 0 0
0 0 1 0
0 0 0 1
0 0 1 0
0 1 0 0
-1 0 0 0
0 0 -290 1
1
1 0 0 0
0 1 0 0
0 0 1 0
0 0 0 1
0 0 0 0 0 0
0 0 0 0 0 0
0 0 0 0 0 0 0 0
-3.22886
-2.26893
-1.74533
-6.10865
-2.0944
-6.10865
3.22886
0.349066
2.51327
6.10865
2.0944
6.10865
84 79 73 76 74 123
180 180 180 180 180 180
0.5 0.5 0.5 0.5 0.5 0.5
0 0 0 0 0 0
0 0 0 0 0 0
33
6
0 0
*
*
*
*
*
*
*
*
*
*
DEFAULT
0
0
0
*
*
*
*
Home_1
0
*
Joint 1
Joint 2
Joint 3
Joint 4
Joint 5
Joint 6
Utool 1
Utool 2
Uframe 1
0 0 0
5
0.1 0.00174533
0 0 -0.03605 0 0 0
0 1 1 0 0 0
1 2 3 4 5 6
0 0 0 0 0 0
-0.03604210168123245 -8.742277657347586e-008 -0.9993502497673035 0
4.683388965531776e-008 -1 8.579052490631511e-008 0
-0.9993502497673035 -4.371138828673793e-008 0.03604210168123245 0
0 0 0 1
1 6.123031769111886e-017 -0 0
6.123031769111886e-017 -1 -1.224606353822377e-016 0
-7.498303609110687e-033 1.224606353822377e-016 -1 0
7.835727228908998e-030 -1.279713639744384e-013 1045 1
6.123031769111886e-017 -6.123031769111886e-017 1 0
3.749151804555344e-033 1 6.123031769111886e-017 0
-1 0 6.123031769111886e-017 0
-4.547473237814098e-013 0 2.784432175470736e-029 1
0 0 1.06847e-013 0 -1.98776e-020 0
500 1300 1525.99 -7.95808e-013 -7.95808e-013 0
11
*KR-C1
*KR-C1
1 1 1 1 1 1
1 1 1 1 1 1
0 0 0 0
*
*
*
*
*
*
0
0
no_app_file
3
no_par_file
0 1 1 1
1
6
13 1 1 327684 0 0 
-1 -1
-1 -1 -1
-1 -1 -1
-1 -1 -1
7
0
0 267 0
Device Sequence Information
2
*
0
*
-1 1 1 262145 0 
-4 1
1 1 1
-1 -1 -1
-1 -1 -1
1 0 0 0
0 1 0 0
0 0 1 0
0 0 0 1
KUKA/KR500L340-3.0
0
0
0
10
0
*
*
*
*
*KR500L340-3.0
0
**BEGIN_ATTRIBUTES**
0
**END_ATTRIBUTES**
1
-1 1 1 262145 0 
-4 1
1 1 1
-1 -1 -1
-1 -1 -1
1 0 0 0
0 1 0 0
0 0 1 0
0 0 1045 1
KUKA/KR500L340-3.1
2 5 -18
1 1
0
10
0
*
*
*
*
*KR500L340-3.1
0
**BEGIN_ATTRIBUTES**
0
**END_ATTRIBUTES**
1
-1 1 1 262145 0 
-4 1
1 1 1
-1 -1 -1
-1 -1 -1
6.123031769111886e-017 0 -1 0
0 1 0 0
1 -0 6.123031769111886e-017 0
500 0 0 1
KUKA/KR500L340-3.2
2 5 17
1 2
0
10
0
*
*
*
*
*KR500L340-3.2
0
**BEGIN_ATTRIBUTES**
0
**END_ATTRIBUTES**
1
-1 1 1 262145 0 
-4 1
1 1 1
-1 -1 -1
-1 -1 -1
-1.836909530733566e-016 0 1 0
0 1 0 0
-1 0 -1.836909530733566e-016 0
0 0 1300 1
KUKA/KR500L340-3.3
2 5 17
1 3
0
10
0
*
*
*
*
*KR500L340-3.3
0
**BEGIN_ATTRIBUTES**
0
**END_ATTRIBUTES**
1
-1 1 1 262145 0 
-4 1
1 1 1
-1 -1 -1
-1 -1 -1
1 0 0 0
0 1 0 0
0 0 1 0
1525 0 -55 1
KUKA/KR500L340-3.4
2 5 -16
1 4
0
10
0
*
*
*
*
*KR500L340-3.4
0
**BEGIN_ATTRIBUTES**
0
**END_ATTRIBUTES**
1
-1 1 1 262145 0 
-4 1
1 1 1
-1 -1 -1
-1 -1 -1
1 0 0 0
0 1 0 0
0 0 1 0
0 0 0 1
KUKA/KR500L340-3.5
2 5 17
1 5
0
10
0
*
*
*
*
*KR500L340-3.5
0
**BEGIN_ATTRIBUTES**
0
**END_ATTRIBUTES**
1
-1 1 1 262145 0 
-4 1
1 1 1
-1 -1 -1
-1 -1 -1
1 0 0 0
0 1 0 0
0 0 1 0
0 0 0 1
KUKA/KR500L340-3.6
2 5 -16
1 6
0
10
0
*
*
*
*
*KR500L340-3.6
0
**BEGIN_ATTRIBUTES**
0
**END_ATTRIBUTES**
00001
-1 1 1 262145 0 
-4 1
1 1 1
-1 -1 -1
-1 -1 -1
0.9781476259231567 0 0.2079119235277176 0
0 1 0 0
-0.2079119235277176 0 0.9781476259231567 0
-195.6295471191406 -353 -41.58233642578125 1
KUKA/KR500L340-3.2pst
2 5 17
0
1
=sasa(935.157,dof(2)+90*RAD,200)-PI
10
0
*
*
*
*
*KR500L340-3.2pst
0
**BEGIN_ATTRIBUTES**
0
**END_ATTRIBUTES**
001
-1 1 1 262145 0 
-4 1
1 1 1
-1 -1 -1
-1 -1 -1
0.9781476259231567 0 0.2079119235277176 0
0 1 0 0
-0.2079119235277176 0 0.9781476259231567 0
-414.7215881347656 -353 -194.4303588867188 1
KUKA/KR500L340-3.1cyl
2 5 17
0
1
=-sasa(200,dof(2)+90*RAD,935.157)
10
0
*
*
*
*
*KR500L340-3.1cyl
0
**BEGIN_ATTRIBUTES**
0
**END_ATTRIBUTES**
0006
0
0
1
2
3
4
5
6
0
22
0
0
0
0
0
0
0
0
0
0
0
0
0
0
**BEGIN_ATTRIBUTES**
5
1
1
Robot Name
3 1 0 0
*KR500L340-3
**END_ATTRIBUTES**
