12
KR500L480-2MT
1
16
-1
6
0
0
0
1
0
0
NOPROGRAM
17
0
1
2
3
4
5
6
7
8
9
10
11
12
13
14
15
16
1
1
1
8
KUKA
0
0.012
2000 2000 5000
360 360 360
720 720 720
0.5 0.5 0.5
0 0
1 2000 0 1 0.1 0.5 0
0 0 0 4 1 2 0 1
kin_rob_generic_KRU
none
none
6
1 1 1 1 1 1 1 1
S0
S4
S2
S6
S3
S7
S1
S5
3
mot_joint_0
mot_straight_0
mot_circular_0
mot_slew_0
mot_aux1_0
mot_aux2_0
0 0 0 0 0 0
0 0 0 0 0 0
0 -90 90 0 0 0
1
0 -90 90 0 0 0
=dof(1)
=dof(2)
=dof(3)
=dof(4)
=dof(5)
=dof(6)
1 2 3 4 5 6
-18 17 17 -16 17 -16
0 0 0 0 0 0
0 0 0 0 0 0
1 1 1
0 0 -1 0
0 1 0 0
1 0 0 0
290 0 0 1
1
1 0 0 0
0 1 0 0
0 0 1 0
0 0 0 1
1
1 0 0 0
0 1 0 0
0 0 1 0
0 0 0 1
0 0 0 0 0 0
0 0 0 0 0 0
0 0 0 0 0 0 0 0
-3.22886
-2.26893
-1.64061
-6.10865
-2.05949
-6.10865
3.22886
0.349066
2.61799
6.10865
2.05949
6.10865
41 41 41 76 76 120
180 180 180 180 180 180
0.5 0.5 0.5 0.5 0.5 0.5
0 0 0 0 0 0
0 0 0 0 0 0
32
6
0 0
*
*
*
*
*
*
*
*
*
*
DEFAULT
0
0
0
*
*
*
*
Home_1
0
*
Joint 1
Joint 2
Joint 3
Joint 4
Joint 5
Joint 6
Utool 1
Uframe 1
0 0 0
5
0.1 0.00174533
0 0 0.03605 0 0 0
0 1 1 0 0 0
1 2 3 4 5 6
0 0 0 0 0 0
0.03604219108819962 -8.742277657347586e-008 -0.9993502497673035 0
4.053207902643408e-008 -1 8.894142666804328e-008 0
-0.9993502497673035 -4.371138828673793e-008 -0.03604219108819962 0
0 0 0 1
1 0 0 0
0 -1 -1.224606353822377e-016 0
0 1.224606353822377e-016 -1 0
0 -1.279713639744384e-013 1045 1
6.123031769111886e-017 -6.123031769111886e-017 1 0
3.749151804555344e-033 1 6.123031769111886e-017 0
-1 0 6.123031769111886e-017 0
0 0 0 1
0 0 3.36767e-015 0 0 0
500 1300 1525.99 0 0 0
11
*KR-C1
*KR-C1
1 1 1 1 1 1
1 1 1 1 1 1
0 0 0 0
*
*
*
*
*
*
0
0
no_app_file
3
no_par_file
0 1 1 1
1
6
13 1 1 327684 0 0 
-1 -1
-1 -1 -1
-1 -1 -1
-1 -1 -1
7
0
0 267 0
Device Sequence Information
2
*
0
*
-1 1 1 262145 0 
-4 1
1 1 1
-1 -1 -1
-1 -1 -1
1 0 0 0
0 1 0 0
0 0 1 0
0 0 0 1
KUKA/KR500/KR500L480_2MT.0
0
0
0
10
0
*
*
*
*
*KR500L480_2MT.0
0
**BEGIN_ATTRIBUTES**
0
**END_ATTRIBUTES**
1
-1 1 1 262145 0 
-4 1
1 1 1
-1 -1 -1
-1 -1 -1
1 0 0 0
0 1 0 0
0 0 1 0
0 0 1045 1
KUKA/KR500/KR500L480_2MT.1
2 5 -18
1 1
0
10
0
*
*
*
*
*KR500L480_2MT.1
0
**BEGIN_ATTRIBUTES**
0
**END_ATTRIBUTES**
1
-1 1 1 262145 0 
-4 1
1 1 1
-1 -1 -1
-1 -1 -1
1 0 0 0
0 1 0 0
0 0 1 0
500 0 0 1
KUKA/KR500/KR500L480_2MT.2
2 5 17
1 2
0
10
0
*
*
*
*
*KR500L480_2MT.2
0
**BEGIN_ATTRIBUTES**
0
**END_ATTRIBUTES**
1
-1 1 1 262145 0 
-4 1
1 1 1
-1 -1 -1
-1 -1 -1
1 0 0 0
0 1 0 0
0 0 1 0
1300 0 0 1
KUKA/KR500/KR500L480_2MT.3
2 5 17
1 3
0
10
0
*
*
*
*
*KR500L480_2MT.3
0
**BEGIN_ATTRIBUTES**
0
**END_ATTRIBUTES**
1
-1 1 1 262145 0 
-4 1
1 1 1
-1 -1 -1
-1 -1 -1
1 0 0 0
0 1 0 0
0 0 1 0
1525 0 55 1
KUKA/KR500/KR500L480_2MT.4
2 5 -16
1 4
0
10
0
*
*
*
*
*KR500L480_2MT.4
0
**BEGIN_ATTRIBUTES**
0
**END_ATTRIBUTES**
1
-1 1 1 262145 0 
-4 1
1 1 1
-1 -1 -1
-1 -1 -1
1 0 0 0
0 1 0 0
0 0 1 0
0 0 0 1
KUKA/KR500/KR500L480_2MT.5
2 5 17
1 5
0
10
0
*
*
*
*
*KR500L480_2MT.5
0
**BEGIN_ATTRIBUTES**
0
**END_ATTRIBUTES**
1
-1 1 1 262145 0 
-4 1
1 1 1
-1 -1 -1
-1 -1 -1
1 0 0 0
0 1 0 0
0 0 1 0
0 0 0 1
KUKA/KR500/KR500L480_2MT.6
2 5 -16
1 6
0
10
0
*
*
*
*
*KR500L480_2MT.6
0
**BEGIN_ATTRIBUTES**
0
**END_ATTRIBUTES**
00001
-1 1 1 262145 0 
-4 1
1 1 1
-1 -1 -1
-1 -1 -1
0.1759139150381088 0 -0.984405517578125 0
0 1 0 0
0.984405517578125 0 0.1759139150381088 0
-43.50410079956055 -353 205.1828002929688 1
KUKA/KR500/KR500L480_2MT.piston
2 5 17
0
1
=sasa(933.052,DOF(2)+PI/2-1.42807*RAD,209.744)+PI-1.8421*RAD
10
0
*
*
*
*
*KR500L480_2MT.piston
0
**BEGIN_ATTRIBUTES**
0
**END_ATTRIBUTES**
001
-1 1 1 262145 0 
-4 1
1 1 1
-1 -1 -1
-1 -1 -1
0.984405517578125 0 0.1759139150381088 0
0 1 0 0
-0.1759139150381088 0 0.984405517578125 0
-417.2900085449219 -353 -170.7797241210938 1
KUKA/KR500/KR500L480_2MT.cylinder
2 5 17
0
1
=-sasa(209.744,DOF(2)+PI/2-1.42807*RAD,933.052)-0.414015*RAD
10
0
*
*
*
*
*KR500L480_2MT.cylinder
0
**BEGIN_ATTRIBUTES**
0
**END_ATTRIBUTES**
0006
0
0
1
2
3
4
5
6
0
22
0
0
0
0
0
0
0
0
0
0
0
0
0
0
**BEGIN_ATTRIBUTES**
5
1
1
Robot Name
3 1 0 0
*KR500L480-2MT
**END_ATTRIBUTES**
