11
1
1.000000 0.000000 0.000000
0.000000 1.000000 0.000000
0.000000 0.000000 1.000000
0.000000 0.000000 83.000000
0
0
3
-2
48
31.000000 0.000000 75.000000
31.000000 0.000000 83.000000
29.943703 -8.023383 75.000000
29.943703 -8.023383 83.000000
26.846785 -15.500006 75.000000
26.846785 -15.500006 83.000000
21.920307 -21.920313 75.000000
21.920307 -21.920313 83.000000
15.499997 -26.846788 75.000000
15.499997 -26.846788 83.000000
8.023389 -29.943701 75.000000
8.023389 -29.943701 83.000000
0.000000 -31.000000 75.000000
0.000000 -31.000000 83.000000
-8.023389 -29.943701 75.000000
-8.023389 -29.943701 83.000000
-15.499997 -26.846788 75.000000
-15.499997 -26.846788 83.000000
-21.920311 -21.920309 75.000000
-21.920311 -21.920309 83.000000
-26.846788 -15.500000 75.000000
-26.846788 -15.500000 83.000000
-29.943701 -8.023392 75.000000
-29.943701 -8.023392 83.000000
-31.000000 0.000000 75.000000
-31.000000 0.000000 83.000000
-29.943699 8.023394 75.000000
-29.943699 8.023394 83.000000
-26.846786 15.500001 75.000000
-26.846786 15.500001 83.000000
-21.920311 21.920311 75.000000
-21.920311 21.920311 83.000000
-15.500002 26.846786 75.000000
-15.500002 26.846786 83.000000
-8.023390 29.943701 75.000000
-8.023390 29.943701 83.000000
0.000000 31.000000 75.000000
0.000000 31.000000 83.000000
8.023391 29.943701 75.000000
8.023391 29.943701 83.000000
15.499999 26.846788 75.000000
15.499999 26.846788 83.000000
21.920309 21.920311 75.000000
21.920309 21.920311 83.000000
26.846786 15.500000 75.000000
26.846786 15.500000 83.000000
29.943701 8.023391 75.000000
29.943701 8.023391 83.000000
0
26
4 0 46 47 1
4 46 44 45 47
4 44 42 43 45
4 42 40 41 43
4 40 38 39 41
4 38 36 37 39
4 36 34 35 37
4 34 32 33 35
4 32 30 31 33
4 30 28 29 31
4 28 26 27 29
4 26 24 25 27
4 24 22 23 25
4 22 20 21 23
4 20 18 19 21
4 18 16 17 19
4 16 14 15 17
4 14 12 13 15
4 12 10 11 13
4 10 8 9 11
4 8 6 7 9
4 6 4 5 7
4 4 2 3 5
4 2 0 1 3
24 0 2 4 6 8 10 12 14 16 18 20 22 24 26 28 30
   32 34 36 38 40 42 44 46
24 1 47 45 43 41 39 37 35 33 31 29 27 25 23 21 19
   17 15 13 11 9 7 5 3
0
0
-2
48
29.943701 8.023391 72.000000
29.943701 8.023391 61.500000
26.846786 15.500000 72.000000
26.846786 15.500000 61.500000
21.920309 21.920311 72.000000
21.920309 21.920311 61.500000
15.499999 26.846788 72.000000
15.499999 26.846788 61.500000
8.023391 29.943701 72.000000
8.023391 29.943701 61.500000
0.000000 31.000000 72.000000
0.000000 31.000000 61.500000
-8.023390 29.943701 72.000000
-8.023390 29.943701 61.500000
-15.500002 26.846786 72.000000
-15.500002 26.846786 61.500000
-21.920311 21.920311 72.000000
-21.920311 21.920311 61.500000
-26.846786 15.500001 72.000000
-26.846786 15.500001 61.500000
-29.943699 8.023394 72.000000
-29.943699 8.023394 61.500000
-31.000000 0.000000 72.000000
-31.000000 0.000000 61.500000
-29.943701 -8.023392 72.000000
-29.943701 -8.023392 61.500000
-26.846788 -15.500000 72.000000
-26.846788 -15.500000 61.500000
-21.920311 -21.920309 72.000000
-21.920311 -21.920309 61.500000
-15.499997 -26.846788 72.000000
-15.499997 -26.846788 61.500000
-8.023389 -29.943701 72.000000
-8.023389 -29.943701 61.500000
0.000000 -31.000000 72.000000
0.000000 -31.000000 61.500000
8.023389 -29.943701 72.000000
8.023389 -29.943701 61.500000
15.499997 -26.846788 72.000000
15.499997 -26.846788 61.500000
21.920307 -21.920313 72.000000
21.920307 -21.920313 61.500000
26.846785 -15.500006 72.000000
26.846785 -15.500006 61.500000
29.943703 -8.023383 72.000000
29.943703 -8.023383 61.500000
31.000000 0.000000 72.000000
31.000000 0.000000 61.500000
0
26
4 47 1 0 46
4 1 3 2 0
4 3 5 4 2
4 5 7 6 4
4 7 9 8 6
4 9 11 10 8
4 11 13 12 10
4 13 15 14 12
4 15 17 16 14
4 17 19 18 16
4 19 21 20 18
4 21 23 22 20
4 23 25 24 22
4 25 27 26 24
4 27 29 28 26
4 29 31 30 28
4 31 33 32 30
4 33 35 34 32
4 35 37 36 34
4 37 39 38 36
4 39 41 40 38
4 41 43 42 40
4 43 45 44 42
4 45 47 46 44
24 47 45 43 41 39 37 35 33 31 29 27 25 23 21 19 17
   15 13 11 9 7 5 3 1
24 46 0 2 4 6 8 10 12 14 16 18 20 22 24 26 28
   30 32 34 36 38 40 42 44
0
0
-2
48
24.148146 6.470476 75.000008
24.148146 6.470476 72.000008
21.650635 12.499999 75.000008
21.650635 12.499999 72.000008
17.677670 17.677670 75.000008
17.677670 17.677670 72.000008
12.499999 21.650635 75.000008
12.499999 21.650635 72.000008
6.470477 24.148146 75.000008
6.470477 24.148146 72.000008
0.000000 25.000000 75.000008
0.000000 25.000000 72.000008
-6.470476 24.148146 75.000008
-6.470476 24.148146 72.000008
-12.500001 21.650635 75.000008
-12.500001 21.650635 72.000008
-17.677670 17.677670 75.000008
-17.677670 17.677670 72.000008
-21.650635 12.500000 75.000008
-21.650635 12.500000 72.000008
-24.148146 6.470478 75.000008
-24.148146 6.470478 72.000008
-25.000000 0.000000 75.000008
-25.000000 0.000000 72.000008
-24.148146 -6.470478 75.000008
-24.148146 -6.470478 72.000008
-21.650635 -12.500001 75.000008
-21.650635 -12.500001 72.000008
-17.677671 -17.677668 75.000008
-17.677671 -17.677668 72.000008
-12.499997 -21.650637 75.000008
-12.499997 -21.650637 72.000008
-6.470474 -24.148146 75.000008
-6.470474 -24.148146 72.000008
0.000000 -25.000000 75.000008
0.000000 -25.000000 72.000008
6.470476 -24.148146 75.000008
6.470476 -24.148146 72.000008
12.499998 -21.650637 75.000008
12.499998 -21.650637 72.000008
17.677668 -17.677671 75.000008
17.677668 -17.677671 72.000008
21.650633 -12.500005 75.000008
21.650633 -12.500005 72.000008
24.148148 -6.470471 75.000008
24.148148 -6.470471 72.000008
25.000000 0.000000 75.000008
25.000000 0.000000 72.000008
0
26
4 47 1 0 46
4 1 3 2 0
4 3 5 4 2
4 5 7 6 4
4 7 9 8 6
4 9 11 10 8
4 11 13 12 10
4 13 15 14 12
4 15 17 16 14
4 17 19 18 16
4 19 21 20 18
4 21 23 22 20
4 23 25 24 22
4 25 27 26 24
4 27 29 28 26
4 29 31 30 28
4 31 33 32 30
4 33 35 34 32
4 35 37 36 34
4 37 39 38 36
4 39 41 40 38
4 41 43 42 40
4 43 45 44 42
4 45 47 46 44
24 47 45 43 41 39 37 35 33 31 29 27 25 23 21 19 17
   15 13 11 9 7 5 3 1
24 46 0 2 4 6 8 10 12 14 16 18 20 22 24 26 28
   30 32 34 36 38 40 42 44
0
0
