11
1
1.000000 0.000000 0.000000
0.000000 0.000000 1.000000
0.000000 -1.000000 0.000000
65.000000 0.000000 0.000000
0
0
14
-2
8
65.000000 -119.000000 12.500000
65.000000 -81.000000 12.500000
0.000000 -81.000000 12.500000
0.000000 -119.000000 12.500000
0.000000 -81.000000 6.500000
65.000000 -81.000000 6.500000
65.000000 -119.000000 6.500000
0.000000 -119.000000 6.500000
0
6
4 7 4 5 6
4 3 0 1 2
4 4 7 3 2
4 5 4 2 1
4 6 5 1 0
4 7 6 0 3
0
0
-2
8
32.526913 -159.396973 12.500000
59.396969 -132.526917 12.500000
13.435029 -86.564972 12.500000
-13.435029 -113.435028 12.500000
13.435029 -86.564972 6.500000
59.396969 -132.526917 6.500000
32.526913 -159.396973 6.500000
-13.435029 -113.435028 6.500000
0
6
4 7 4 5 6
4 3 0 1 2
4 4 7 3 2
4 5 4 2 1
4 6 5 1 0
4 7 6 0 3
0
0
-2
48
18.352591 -95.082436 13.500000
18.352591 -95.082436 6.500000
16.454483 -90.500000 13.500000
16.454483 -90.500000 6.500000
13.435028 -86.564972 13.500000
13.435028 -86.564972 6.500000
9.499999 -83.545517 13.500000
9.499999 -83.545517 6.500000
4.917562 -81.647408 13.500000
4.917562 -81.647408 6.500000
0.000000 -81.000000 13.500000
0.000000 -81.000000 6.500000
-4.917562 -81.647408 13.500000
-4.917562 -81.647408 6.500000
-9.500001 -83.545517 13.500000
-9.500001 -83.545517 6.500000
-13.435029 -86.564972 13.500000
-13.435029 -86.564972 6.500000
-16.454483 -90.500000 13.500000
-16.454483 -90.500000 6.500000
-18.352591 -95.082436 13.500000
-18.352591 -95.082436 6.500000
-19.000000 -100.000000 13.500000
-19.000000 -100.000000 6.500000
-18.352591 -104.917564 13.500000
-18.352591 -104.917564 6.500000
-16.454483 -109.500000 13.500000
-16.454483 -109.500000 6.500000
-13.435030 -113.435028 13.500000
-13.435030 -113.435028 6.500000
-9.499998 -116.454483 13.500000
-9.499998 -116.454483 6.500000
-4.917561 -118.352592 13.500000
-4.917561 -118.352592 6.500000
0.000000 -119.000000 13.500000
0.000000 -119.000000 6.500000
4.917561 -118.352592 13.500000
4.917561 -118.352592 6.500000
9.499998 -116.454483 13.500000
9.499998 -116.454483 6.500000
13.435027 -113.435028 13.500000
13.435027 -113.435028 6.500000
16.454481 -109.500000 13.500000
16.454481 -109.500000 6.500000
18.352592 -104.917557 13.500000
18.352592 -104.917557 6.500000
19.000000 -100.000000 13.500000
19.000000 -100.000000 6.500000
0
26
4 47 1 0 46
4 1 3 2 0
4 3 5 4 2
4 5 7 6 4
4 7 9 8 6
4 9 11 10 8
4 11 13 12 10
4 13 15 14 12
4 15 17 16 14
4 17 19 18 16
4 19 21 20 18
4 21 23 22 20
4 23 25 24 22
4 25 27 26 24
4 27 29 28 26
4 29 31 30 28
4 31 33 32 30
4 33 35 34 32
4 35 37 36 34
4 37 39 38 36
4 39 41 40 38
4 41 43 42 40
4 43 45 44 42
4 45 47 46 44
24 47 45 43 41 39 37 35 33 31 29 27 25 23 21 19 17
   15 13 11 9 7 5 3 1
24 46 0 2 4 6 8 10 12 14 16 18 20 22 24 26 28
   30 32 34 36 38 40 42 44
0
0
-2
8
65.000000 -24.000000 18.000000
65.000000 24.000000 18.000000
0.000000 24.000000 18.000000
0.000000 -24.000000 18.000000
0.000000 24.000000 10.000000
65.000000 24.000000 10.000000
65.000000 -24.000000 10.000000
0.000000 -24.000000 10.000000
0
6
4 7 4 5 6
4 3 0 1 2
4 4 7 3 2
4 5 4 2 1
4 6 5 1 0
4 7 6 0 3
0
0
-2
8
34.365986 -60.166260 18.000000
65.219788 -23.396126 18.000000
15.426902 18.385067 18.000000
-15.426902 -18.385067 18.000000
15.426902 18.385067 10.000000
65.219788 -23.396126 10.000000
34.365986 -60.166260 10.000000
-15.426902 -18.385067 10.000000
0
6
4 7 4 5 6
4 3 0 1 2
4 4 7 3 2
4 5 4 2 1
4 6 5 1 0
4 7 6 0 3
0
0
-2
48
24.000000 0.000000 10.000000
24.000000 0.000000 19.500000
23.182220 -6.211652 10.000000
23.182220 -6.211652 19.500000
20.784607 -12.000004 10.000000
20.784607 -12.000004 19.500000
16.970560 -16.970566 10.000000
16.970560 -16.970566 19.500000
11.999998 -20.784611 10.000000
11.999998 -20.784611 19.500000
6.211656 -23.182220 10.000000
6.211656 -23.182220 19.500000
0.000000 -24.000000 10.000000
0.000000 -24.000000 19.500000
-6.211656 -23.182220 10.000000
-6.211656 -23.182220 19.500000
-11.999997 -20.784611 10.000000
-11.999997 -20.784611 19.500000
-16.970564 -16.970562 10.000000
-16.970564 -16.970562 19.500000
-20.784611 -12.000000 10.000000
-20.784611 -12.000000 19.500000
-23.182220 -6.211658 10.000000
-23.182220 -6.211658 19.500000
-24.000000 0.000000 10.000000
-24.000000 0.000000 19.500000
-23.182219 6.211659 10.000000
-23.182219 6.211659 19.500000
-20.784609 12.000001 10.000000
-20.784609 12.000001 19.500000
-16.970562 16.970562 10.000000
-16.970562 16.970562 19.500000
-12.000001 20.784609 10.000000
-12.000001 20.784609 19.500000
-6.211657 23.182220 10.000000
-6.211657 23.182220 19.500000
0.000000 24.000000 10.000000
0.000000 24.000000 19.500000
6.211658 23.182220 10.000000
6.211658 23.182220 19.500000
11.999999 20.784611 10.000000
11.999999 20.784611 19.500000
16.970562 16.970564 10.000000
16.970562 16.970564 19.500000
20.784609 12.000000 10.000000
20.784609 12.000000 19.500000
23.182220 6.211657 10.000000
23.182220 6.211657 19.500000
0
26
4 0 46 47 1
4 46 44 45 47
4 44 42 43 45
4 42 40 41 43
4 40 38 39 41
4 38 36 37 39
4 36 34 35 37
4 34 32 33 35
4 32 30 31 33
4 30 28 29 31
4 28 26 27 29
4 26 24 25 27
4 24 22 23 25
4 22 20 21 23
4 20 18 19 21
4 18 16 17 19
4 16 14 15 17
4 14 12 13 15
4 12 10 11 13
4 10 8 9 11
4 8 6 7 9
4 6 4 5 7
4 4 2 3 5
4 2 0 1 3
24 0 2 4 6 8 10 12 14 16 18 20 22 24 26 28 30
   32 34 36 38 40 42 44 46
24 1 47 45 43 41 39 37 35 33 31 29 27 25 23 21 19
   17 15 13 11 9 7 5 3
0
0
-2
48
65.000008 -166.500000 37.000000
65.000008 94.000000 37.000000
55.423702 -166.500000 35.739258
55.423702 94.000000 35.739258
46.499992 -166.500000 32.042934
46.499992 94.000000 32.042934
38.837044 -166.500000 26.162947
38.837044 94.000000 26.162947
32.957058 -166.500000 18.499996
32.957058 94.000000 18.499996
29.260744 -166.500000 9.576303
29.260744 94.000000 9.576303
28.000000 -166.500000 0.000000
28.000000 94.000000 0.000000
29.260744 -166.500000 -9.576303
29.260744 94.000000 -9.576303
32.957058 -166.500000 -18.499996
32.957058 94.000000 -18.499996
38.837051 -166.500000 -26.162952
38.837051 94.000000 -26.162952
46.500000 -166.500000 -32.042942
46.500000 94.000000 -32.042942
55.423695 -166.500000 -35.739254
55.423695 94.000000 -35.739254
65.000000 -166.500000 -37.000000
65.000000 94.000000 -37.000000
74.576309 -166.500000 -35.739254
74.576309 94.000000 -35.739254
83.500000 -166.500000 -32.042938
83.500000 94.000000 -32.042938
91.162949 -166.500000 -26.162951
91.162949 94.000000 -26.162951
97.042938 -166.500000 -18.500002
97.042938 94.000000 -18.500002
100.739258 -166.500000 -9.576304
100.739258 94.000000 -9.576304
102.000000 -166.500000 0.000000
102.000000 94.000000 0.000000
100.739258 -166.500000 9.576305
100.739258 94.000000 9.576305
97.042938 -166.500000 18.500000
97.042938 94.000000 18.500000
91.162949 -166.500000 26.162951
91.162949 94.000000 26.162951
83.500000 -166.500000 32.042938
83.500000 94.000000 32.042938
74.576302 -166.500000 35.739254
74.576302 94.000000 35.739254
0
26
4 0 46 47 1
4 46 44 45 47
4 44 42 43 45
4 42 40 41 43
4 40 38 39 41
4 38 36 37 39
4 36 34 35 37
4 34 32 33 35
4 32 30 31 33
4 30 28 29 31
4 28 26 27 29
4 26 24 25 27
4 24 22 23 25
4 22 20 21 23
4 20 18 19 21
4 18 16 17 19
4 16 14 15 17
4 14 12 13 15
4 12 10 11 13
4 10 8 9 11
4 8 6 7 9
4 6 4 5 7
4 4 2 3 5
4 2 0 1 3
24 0 2 4 6 8 10 12 14 16 18 20 22 24 26 28 30
   32 34 36 38 40 42 44 46
24 1 47 45 43 41 39 37 35 33 31 29 27 25 23 21 19
   17 15 13 11 9 7 5 3
0
0
-2
20
92.000000 84.000000 46.765373
92.000000 -156.000000 46.765373
92.000000 -156.000000 -46.765369
92.000000 84.000000 -46.765369
65.000008 -156.000000 54.000000
51.023785 -156.000000 52.159996
37.999992 -156.000000 46.765366
38.000000 -156.000000 -46.765373
51.023769 -156.000000 -52.159996
64.999992 -156.000000 -54.000000
78.976234 -156.000000 -52.159992
78.976227 -156.000000 52.159996
51.023785 84.000000 52.159996
37.999992 84.000000 46.765366
65.000008 84.000000 54.000000
78.976227 84.000000 52.159996
78.976234 84.000000 -52.159992
64.999992 84.000000 -54.000000
51.023769 84.000000 -52.159996
38.000000 84.000000 -46.765373
0
12
4 0 1 2 3
10 4 5 6 7 8 9 10 2 1 11
4 6 5 12 13
10 14 15 0 3 16 17 18 19 13 12
4 8 7 19 18
4 19 7 6 13
4 11 1 0 15
4 2 10 16 3
4 4 11 15 14
4 10 9 17 16
4 9 8 18 17
4 5 4 14 12
0
0
-2
48
23.182220 6.211657 -19.500000
23.182220 6.211657 -10.000000
20.784609 12.000000 -19.500000
20.784609 12.000000 -10.000000
16.970562 16.970564 -19.500000
16.970562 16.970564 -10.000000
11.999999 20.784611 -19.500000
11.999999 20.784611 -10.000000
6.211658 23.182220 -19.500000
6.211658 23.182220 -10.000000
0.000000 24.000000 -19.500000
0.000000 24.000000 -10.000000
-6.211657 23.182220 -19.500000
-6.211657 23.182220 -10.000000
-12.000001 20.784609 -19.500000
-12.000001 20.784609 -10.000000
-16.970562 16.970562 -19.500000
-16.970562 16.970562 -10.000000
-20.784609 12.000001 -19.500000
-20.784609 12.000001 -10.000000
-23.182219 6.211659 -19.500000
-23.182219 6.211659 -10.000000
-24.000000 0.000000 -19.500000
-24.000000 0.000000 -10.000000
-23.182220 -6.211658 -19.500000
-23.182220 -6.211658 -10.000000
-20.784611 -12.000000 -19.500000
-20.784611 -12.000000 -10.000000
-16.970564 -16.970562 -19.500000
-16.970564 -16.970562 -10.000000
-11.999997 -20.784611 -19.500000
-11.999997 -20.784611 -10.000000
-6.211656 -23.182220 -19.500000
-6.211656 -23.182220 -10.000000
0.000000 -24.000000 -19.500000
0.000000 -24.000000 -10.000000
6.211656 -23.182220 -19.500000
6.211656 -23.182220 -10.000000
11.999998 -20.784611 -19.500000
11.999998 -20.784611 -10.000000
16.970560 -16.970566 -19.500000
16.970560 -16.970566 -10.000000
20.784607 -12.000004 -19.500000
20.784607 -12.000004 -10.000000
23.182220 -6.211652 -19.500000
23.182220 -6.211652 -10.000000
24.000000 0.000000 -19.500000
24.000000 0.000000 -10.000000
0
26
4 47 46 0 1
4 1 0 2 3
4 3 2 4 5
4 5 4 6 7
4 7 6 8 9
4 9 8 10 11
4 11 10 12 13
4 13 12 14 15
4 15 14 16 17
4 17 16 18 19
4 19 18 20 21
4 21 20 22 23
4 23 22 24 25
4 25 24 26 27
4 27 26 28 29
4 29 28 30 31
4 31 30 32 33
4 33 32 34 35
4 35 34 36 37
4 37 36 38 39
4 39 38 40 41
4 41 40 42 43
4 43 42 44 45
4 45 44 46 47
24 47 1 3 5 7 9 11 13 15 17 19 21 23 25 27 29
   31 33 35 37 39 41 43 45
24 46 44 42 40 38 36 34 32 30 28 26 24 22 20 18 16
   14 12 10 8 6 4 2 0
0
0
-2
8
-15.426902 -18.385067 -10.000000
34.365986 -60.166260 -10.000000
65.219788 -23.396126 -10.000000
15.426902 18.385067 -10.000000
-15.426902 -18.385067 -18.000000
15.426902 18.385067 -18.000000
65.219788 -23.396126 -18.000000
34.365986 -60.166260 -18.000000
0
6
4 0 1 2 3
4 4 5 6 7
4 3 5 4 0
4 2 6 5 3
4 1 7 6 2
4 0 4 7 1
0
0
-2
8
0.000000 -24.000000 -10.000000
65.000000 -24.000000 -10.000000
65.000000 24.000000 -10.000000
0.000000 24.000000 -10.000000
0.000000 -24.000000 -18.000000
0.000000 24.000000 -18.000000
65.000000 24.000000 -18.000000
65.000000 -24.000000 -18.000000
0
6
4 0 1 2 3
4 4 5 6 7
4 3 5 4 0
4 2 6 5 3
4 1 7 6 2
4 0 4 7 1
0
0
-2
48
19.000000 -100.000000 -6.500000
19.000000 -100.000000 -13.500000
18.352592 -104.917557 -6.500000
18.352592 -104.917557 -13.500000
16.454481 -109.500000 -6.500000
16.454481 -109.500000 -13.500000
13.435027 -113.435028 -6.500000
13.435027 -113.435028 -13.500000
9.499998 -116.454483 -6.500000
9.499998 -116.454483 -13.500000
4.917561 -118.352592 -6.500000
4.917561 -118.352592 -13.500000
0.000000 -119.000000 -6.500000
0.000000 -119.000000 -13.500000
-4.917561 -118.352592 -6.500000
-4.917561 -118.352592 -13.500000
-9.499998 -116.454483 -6.500000
-9.499998 -116.454483 -13.500000
-13.435030 -113.435028 -6.500000
-13.435030 -113.435028 -13.500000
-16.454483 -109.500000 -6.500000
-16.454483 -109.500000 -13.500000
-18.352591 -104.917564 -6.500000
-18.352591 -104.917564 -13.500000
-19.000000 -100.000000 -6.500000
-19.000000 -100.000000 -13.500000
-18.352591 -95.082436 -6.500000
-18.352591 -95.082436 -13.500000
-16.454483 -90.500000 -6.500000
-16.454483 -90.500000 -13.500000
-13.435029 -86.564972 -6.500000
-13.435029 -86.564972 -13.500000
-9.500001 -83.545517 -6.500000
-9.500001 -83.545517 -13.500000
-4.917562 -81.647408 -6.500000
-4.917562 -81.647408 -13.500000
0.000000 -81.000000 -6.500000
0.000000 -81.000000 -13.500000
4.917562 -81.647408 -6.500000
4.917562 -81.647408 -13.500000
9.499999 -83.545517 -6.500000
9.499999 -83.545517 -13.500000
13.435028 -86.564972 -6.500000
13.435028 -86.564972 -13.500000
16.454483 -90.500000 -6.500000
16.454483 -90.500000 -13.500000
18.352591 -95.082436 -6.500000
18.352591 -95.082436 -13.500000
0
26
4 0 1 47 46
4 46 47 45 44
4 44 45 43 42
4 42 43 41 40
4 40 41 39 38
4 38 39 37 36
4 36 37 35 34
4 34 35 33 32
4 32 33 31 30
4 30 31 29 28
4 28 29 27 26
4 26 27 25 24
4 24 25 23 22
4 22 23 21 20
4 20 21 19 18
4 18 19 17 16
4 16 17 15 14
4 14 15 13 12
4 12 13 11 10
4 10 11 9 8
4 8 9 7 6
4 6 7 5 4
4 4 5 3 2
4 2 3 1 0
24 0 46 44 42 40 38 36 34 32 30 28 26 24 22 20 18
   16 14 12 10 8 6 4 2
24 1 3 5 7 9 11 13 15 17 19 21 23 25 27 29 31
   33 35 37 39 41 43 45 47
0
0
-2
8
-13.435029 -113.435028 -6.500000
32.526913 -159.396973 -6.500000
59.396969 -132.526917 -6.500000
13.435029 -86.564972 -6.500000
-13.435029 -113.435028 -12.500000
13.435029 -86.564972 -12.500000
59.396969 -132.526917 -12.500000
32.526913 -159.396973 -12.500000
0
6
4 0 1 2 3
4 4 5 6 7
4 3 5 4 0
4 2 6 5 3
4 1 7 6 2
4 0 4 7 1
0
0
-2
8
0.000000 -119.000000 -6.500000
65.000000 -119.000000 -6.500000
65.000000 -81.000000 -6.500000
0.000000 -81.000000 -6.500000
0.000000 -119.000000 -12.500000
0.000000 -81.000000 -12.500000
65.000000 -81.000000 -12.500000
65.000000 -119.000000 -12.500000
0
6
4 0 1 2 3
4 4 5 6 7
4 3 5 4 0
4 2 6 5 3
4 1 7 6 2
4 0 4 7 1
0
0
