11
1
1.000000 0.000000 0.000000
0.000000 0.000000 -1.000000
0.000000 1.000000 0.000000
0.000000 0.000000 0.000000
0
0
4
-2
48
0.000000 43.000004 -26.500000
0.000000 61.500004 -25.000000
6.858698 43.000004 -25.597036
6.470470 61.500004 -24.148148
13.250005 43.000004 -22.949671
12.500004 61.500004 -21.650633
18.738333 43.000004 -18.738327
17.677671 61.500004 -17.677668
22.949675 43.000004 -13.249998
21.650637 61.500004 -12.499998
25.597034 43.000004 -6.858704
24.148146 61.500004 -6.470475
26.500000 43.000004 0.000000
25.000000 61.500004 0.000000
25.597034 43.000004 6.858703
24.148146 61.500004 6.470475
22.949675 43.000004 13.249997
21.650637 61.500004 12.499997
18.738329 43.000004 18.738331
17.677668 61.500004 17.677671
13.250000 43.000004 22.949673
12.500000 61.500004 21.650635
6.858705 43.000004 25.597034
6.470477 61.500004 24.148146
0.000000 43.000004 26.500000
0.000000 61.500004 25.000000
-6.858708 43.000004 25.597034
-6.470479 61.500004 24.148146
-13.250001 43.000004 22.949673
-12.500001 61.500004 21.650635
-18.738329 43.000004 18.738329
-17.677670 61.500004 17.677670
-22.949673 43.000004 13.250001
-21.650635 61.500004 12.500001
-25.597034 43.000004 6.858705
-24.148146 61.500004 6.470476
-26.500000 43.000004 0.000000
-25.000000 61.500004 0.000000
-25.597034 43.000004 -6.858706
-24.148146 61.500004 -6.470477
-22.949673 43.000004 -13.249999
-21.650635 61.500004 -12.499999
-18.738331 43.000004 -18.738329
-17.677670 61.500004 -17.677670
-13.250000 43.000004 -22.949673
-12.500000 61.500004 -21.650635
-6.858706 43.000004 -25.597034
-6.470477 61.500004 -24.148146
0
26
4 0 46 47 1
4 46 44 45 47
4 44 42 43 45
4 42 40 41 43
4 40 38 39 41
4 38 36 37 39
4 36 34 35 37
4 34 32 33 35
4 32 30 31 33
4 30 28 29 31
4 28 26 27 29
4 26 24 25 27
4 24 22 23 25
4 22 20 21 23
4 20 18 19 21
4 18 16 17 19
4 16 14 15 17
4 14 12 13 15
4 12 10 11 13
4 10 8 9 11
4 8 6 7 9
4 6 4 5 7
4 4 2 3 5
4 2 0 1 3
24 0 2 4 6 8 10 12 14 16 18 20 22 24 26 28 30
   32 34 36 38 40 42 44 46
24 1 47 45 43 41 39 37 35 33 31 29 27 25 23 21 19
   17 15 13 11 9 7 5 3
0
0
-2
48
6.341067 37.000000 23.665182
6.341067 0.000000 23.665182
12.250000 37.000000 21.217623
12.250000 0.000000 21.217623
17.324116 37.000000 17.324116
17.324116 0.000000 17.324116
21.217623 37.000000 12.249999
21.217623 0.000000 12.249999
23.665182 37.000000 6.341067
23.665182 0.000000 6.341067
24.500000 37.000000 0.000000
24.500000 0.000000 0.000000
23.665182 37.000000 -6.341066
23.665182 0.000000 -6.341066
21.217621 37.000000 -12.250001
21.217621 0.000000 -12.250001
17.324116 37.000000 -17.324116
17.324116 0.000000 -17.324116
12.250001 37.000000 -21.217623
12.250001 0.000000 -21.217623
6.341069 37.000000 -23.665182
6.341069 0.000000 -23.665182
0.000000 37.000000 -24.500000
0.000000 0.000000 -24.500000
-6.341067 37.000000 -23.665182
-6.341067 0.000000 -23.665182
-12.250000 37.000000 -21.217623
-12.250000 0.000000 -21.217623
-17.324116 37.000000 -17.324118
-17.324116 0.000000 -17.324118
-21.217625 37.000000 -12.249997
-21.217625 0.000000 -12.249997
-23.665184 37.000000 -6.341065
-23.665184 0.000000 -6.341065
-24.500000 37.000000 0.000000
-24.500000 0.000000 0.000000
-23.665182 37.000000 6.341066
-23.665182 0.000000 6.341066
-21.217623 37.000000 12.249998
-21.217623 0.000000 12.249998
-17.324120 37.000000 17.324114
-17.324120 0.000000 17.324114
-12.250004 37.000000 21.217621
-12.250004 0.000000 21.217621
-6.341061 37.000000 23.665184
-6.341061 0.000000 23.665184
0.000000 37.000000 24.500000
0.000000 0.000000 24.500000
0
26
4 47 1 0 46
4 1 3 2 0
4 3 5 4 2
4 5 7 6 4
4 7 9 8 6
4 9 11 10 8
4 11 13 12 10
4 13 15 14 12
4 15 17 16 14
4 17 19 18 16
4 19 21 20 18
4 21 23 22 20
4 23 25 24 22
4 25 27 26 24
4 27 29 28 26
4 29 31 30 28
4 31 33 32 30
4 33 35 34 32
4 35 37 36 34
4 37 39 38 36
4 39 41 40 38
4 41 43 42 40
4 43 45 44 42
4 45 47 46 44
24 47 45 43 41 39 37 35 33 31 29 27 25 23 21 19 17
   15 13 11 9 7 5 3 1
24 46 0 2 4 6 8 10 12 14 16 18 20 22 24 26 28
   30 32 34 36 38 40 42 44
0
0
-2
48
6.858705 43.000000 25.597034
6.858705 37.000000 25.597034
13.250000 43.000000 22.949673
13.250000 37.000000 22.949673
18.738331 43.000000 18.738329
18.738331 37.000000 18.738329
22.949673 43.000000 13.249999
22.949673 37.000000 13.249999
25.597034 43.000000 6.858706
25.597034 37.000000 6.858706
26.500000 43.000000 0.000000
26.500000 37.000000 0.000000
25.597034 43.000000 -6.858705
25.597034 37.000000 -6.858705
22.949673 43.000000 -13.250001
22.949673 37.000000 -13.250001
18.738329 43.000000 -18.738329
18.738329 37.000000 -18.738329
13.250001 43.000000 -22.949673
13.250001 37.000000 -22.949673
6.858707 43.000000 -25.597034
6.858707 37.000000 -25.597034
0.000000 43.000000 -26.500000
0.000000 37.000000 -26.500000
-6.858706 43.000000 -25.597034
-6.858706 37.000000 -25.597034
-13.250000 43.000000 -22.949673
-13.250000 37.000000 -22.949673
-18.738329 43.000000 -18.738331
-18.738329 37.000000 -18.738331
-22.949675 43.000000 -13.249997
-22.949675 37.000000 -13.249997
-25.597034 43.000000 -6.858703
-25.597034 37.000000 -6.858703
-26.500000 43.000000 0.000000
-26.500000 37.000000 0.000000
-25.597034 43.000000 6.858704
-25.597034 37.000000 6.858704
-22.949675 43.000000 13.249998
-22.949675 37.000000 13.249998
-18.738333 43.000000 18.738327
-18.738333 37.000000 18.738327
-13.250005 43.000000 22.949671
-13.250005 37.000000 22.949671
-6.858699 43.000000 25.597036
-6.858699 37.000000 25.597036
0.000000 43.000000 26.500000
0.000000 37.000000 26.500000
0
26
4 47 1 0 46
4 1 3 2 0
4 3 5 4 2
4 5 7 6 4
4 7 9 8 6
4 9 11 10 8
4 11 13 12 10
4 13 15 14 12
4 15 17 16 14
4 17 19 18 16
4 19 21 20 18
4 21 23 22 20
4 23 25 24 22
4 25 27 26 24
4 27 29 28 26
4 29 31 30 28
4 31 33 32 30
4 33 35 34 32
4 35 37 36 34
4 37 39 38 36
4 39 41 40 38
4 41 43 42 40
4 43 45 44 42
4 45 47 46 44
24 47 45 43 41 39 37 35 33 31 29 27 25 23 21 19 17
   15 13 11 9 7 5 3 1
24 46 0 2 4 6 8 10 12 14 16 18 20 22 24 26 28
   30 32 34 36 38 40 42 44
0
0
-2
48
29.943701 8.023391 25.000000
29.943701 8.023391 -25.000000
26.846786 15.500000 25.000000
26.846786 15.500000 -25.000000
21.920309 21.920311 25.000000
21.920309 21.920311 -25.000000
15.499999 26.846788 25.000000
15.499999 26.846788 -25.000000
8.023391 29.943701 25.000000
8.023391 29.943701 -25.000000
0.000000 31.000000 25.000000
0.000000 31.000000 -25.000000
-8.023390 29.943701 25.000000
-8.023390 29.943701 -25.000000
-15.500002 26.846786 25.000000
-15.500002 26.846786 -25.000000
-21.920311 21.920311 25.000000
-21.920311 21.920311 -25.000000
-26.846786 15.500001 25.000000
-26.846786 15.500001 -25.000000
-29.943699 8.023394 25.000000
-29.943699 8.023394 -25.000000
-31.000000 0.000000 25.000000
-31.000000 0.000000 -25.000000
-29.943701 -8.023392 25.000000
-29.943701 -8.023392 -25.000000
-26.846788 -15.500000 25.000000
-26.846788 -15.500000 -25.000000
-21.920311 -21.920309 25.000000
-21.920311 -21.920309 -25.000000
-15.499997 -26.846788 25.000000
-15.499997 -26.846788 -25.000000
-8.023389 -29.943701 25.000000
-8.023389 -29.943701 -25.000000
0.000000 -31.000000 25.000000
0.000000 -31.000000 -25.000000
8.023389 -29.943701 25.000000
8.023389 -29.943701 -25.000000
15.499997 -26.846788 25.000000
15.499997 -26.846788 -25.000000
21.920307 -21.920313 25.000000
21.920307 -21.920313 -25.000000
26.846785 -15.500006 25.000000
26.846785 -15.500006 -25.000000
29.943703 -8.023383 25.000000
29.943703 -8.023383 -25.000000
31.000000 0.000000 25.000000
31.000000 0.000000 -25.000000
0
26
4 47 1 0 46
4 1 3 2 0
4 3 5 4 2
4 5 7 6 4
4 7 9 8 6
4 9 11 10 8
4 11 13 12 10
4 13 15 14 12
4 15 17 16 14
4 17 19 18 16
4 19 21 20 18
4 21 23 22 20
4 23 25 24 22
4 25 27 26 24
4 27 29 28 26
4 29 31 30 28
4 31 33 32 30
4 33 35 34 32
4 35 37 36 34
4 37 39 38 36
4 39 41 40 38
4 41 43 42 40
4 43 45 44 42
4 45 47 46 44
24 47 45 43 41 39 37 35 33 31 29 27 25 23 21 19 17
   15 13 11 9 7 5 3 1
24 46 0 2 4 6 8 10 12 14 16 18 20 22 24 26 28
   30 32 34 36 38 40 42 44
0
0
