10
0
0
0
4
6
48
30.250000 0.000000 135.699997
25.250000 0.000000 140.699997
29.219257 -7.829269 135.699997
24.389629 -6.535175 140.699997
26.197266 -15.125005 135.699997
21.867140 -12.625005 140.699997
21.389977 -21.389984 135.699997
17.854445 -17.854448 140.699997
15.124997 -26.197269 135.699997
12.624998 -21.867142 140.699997
7.829275 -29.219257 135.699997
6.535180 -24.389627 140.699997
0.000000 -30.250000 135.699997
0.000000 -25.250000 140.699997
-7.829274 -29.219257 135.699997
-6.535179 -24.389627 140.699997
-15.124997 -26.197269 135.699997
-12.624997 -21.867144 140.699997
-21.389982 -21.389978 135.699997
-17.854448 -17.854445 140.699997
-26.197269 -15.125000 135.699997
-21.867142 -12.625000 140.699997
-29.219255 -7.829277 135.699997
-24.389627 -6.535182 140.699997
-30.250000 0.000000 135.699997
-25.250000 0.000000 140.699997
-29.219255 7.829279 135.699997
-24.389626 6.535183 140.699997
-26.197268 15.125001 135.699997
-21.867142 12.625001 140.699997
-21.389980 21.389980 135.699997
-17.854446 17.854446 140.699997
-15.125002 26.197268 135.699997
-12.625001 21.867140 140.699997
-7.829276 29.219255 135.699997
-6.535181 24.389627 140.699997
0.000000 30.250000 135.699997
0.000000 25.250000 140.699997
7.829277 29.219255 135.699997
6.535182 24.389627 140.699997
15.124999 26.197269 135.699997
12.624999 21.867142 140.699997
21.389980 21.389980 135.699997
17.854446 17.854446 140.699997
26.197268 15.125000 135.699997
21.867142 12.625000 140.699997
29.219255 7.829277 135.699997
24.389627 6.535181 140.699997
0
26
4 0 46 47 1
4 46 44 45 47
4 44 42 43 45
4 42 40 41 43
4 40 38 39 41
4 38 36 37 39
4 36 34 35 37
4 34 32 33 35
4 32 30 31 33
4 30 28 29 31
4 28 26 27 29
4 26 24 25 27
4 24 22 23 25
4 22 20 21 23
4 20 18 19 21
4 18 16 17 19
4 16 14 15 17
4 14 12 13 15
4 12 10 11 13
4 10 8 9 11
4 8 6 7 9
4 6 4 5 7
4 4 2 3 5
4 2 0 1 3
24 0 2 4 6 8 10 12 14 16 18 20 22 24 26 28 30
   32 34 36 38 40 42 44 46
24 1 47 45 43 41 39 37 35 33 31 29 27 25 23 21 19
   17 15 13 11 9 7 5 3
0
6
48
30.250000 0.000000 90.500000
30.250000 0.000000 135.699997
29.219257 -7.829269 90.500000
29.219257 -7.829269 135.699997
26.197266 -15.125005 90.500000
26.197266 -15.125005 135.699997
21.389977 -21.389984 90.500000
21.389977 -21.389984 135.699997
15.124997 -26.197269 90.500000
15.124997 -26.197269 135.699997
7.829275 -29.219257 90.500000
7.829275 -29.219257 135.699997
0.000000 -30.250000 90.500000
0.000000 -30.250000 135.699997
-7.829274 -29.219257 90.500000
-7.829274 -29.219257 135.699997
-15.124997 -26.197269 90.500000
-15.124997 -26.197269 135.699997
-21.389982 -21.389978 90.500000
-21.389982 -21.389978 135.699997
-26.197269 -15.125000 90.500000
-26.197269 -15.125000 135.699997
-29.219255 -7.829277 90.500000
-29.219255 -7.829277 135.699997
-30.250000 0.000000 90.500000
-30.250000 0.000000 135.699997
-29.219255 7.829279 90.500000
-29.219255 7.829279 135.699997
-26.197268 15.125001 90.500000
-26.197268 15.125001 135.699997
-21.389980 21.389980 90.500000
-21.389980 21.389980 135.699997
-15.125002 26.197268 90.500000
-15.125002 26.197268 135.699997
-7.829276 29.219255 90.500000
-7.829276 29.219255 135.699997
0.000000 30.250000 90.500000
0.000000 30.250000 135.699997
7.829277 29.219255 90.500000
7.829277 29.219255 135.699997
15.124999 26.197269 90.500000
15.124999 26.197269 135.699997
21.389980 21.389980 90.500000
21.389980 21.389980 135.699997
26.197268 15.125000 90.500000
26.197268 15.125000 135.699997
29.219255 7.829277 90.500000
29.219255 7.829277 135.699997
0
26
4 0 46 47 1
4 46 44 45 47
4 44 42 43 45
4 42 40 41 43
4 40 38 39 41
4 38 36 37 39
4 36 34 35 37
4 34 32 33 35
4 32 30 31 33
4 30 28 29 31
4 28 26 27 29
4 26 24 25 27
4 24 22 23 25
4 22 20 21 23
4 20 18 19 21
4 18 16 17 19
4 16 14 15 17
4 14 12 13 15
4 12 10 11 13
4 10 8 9 11
4 8 6 7 9
4 6 4 5 7
4 4 2 3 5
4 2 0 1 3
24 0 2 4 6 8 10 12 14 16 18 20 22 24 26 28 30
   32 34 36 38 40 42 44 46
24 1 47 45 43 41 39 37 35 33 31 29 27 25 23 21 19
   17 15 13 11 9 7 5 3
0
6
16
-40.000000 30.000000 0.000000
-30.000000 40.000000 0.000000
30.000000 40.000000 0.000000
40.000000 30.000000 0.000000
40.000000 -30.000000 0.000000
30.000000 -40.000000 0.000000
-30.000000 -40.000000 0.000000
-40.000000 -30.000000 0.000000
-40.000000 30.000000 9.000000
-30.000000 40.000000 9.000000
30.000000 40.000000 9.000000
40.000000 30.000000 9.000000
40.000000 -30.000000 9.000000
30.000000 -40.000000 9.000000
-30.000000 -40.000000 9.000000
-40.000000 -30.000000 9.000000
0
10
8 0 1 2 3 4 5 6 7
8 8 15 14 13 12 11 10 9
4 1 0 8 9
4 2 1 9 10
4 3 2 10 11
4 4 3 11 12
4 5 4 12 13
4 6 5 13 14
4 7 6 14 15
4 0 7 15 8
0
6
48
38.637032 10.352762 90.500000
38.637032 10.352762 9.000000
34.641014 20.000000 90.500000
34.641014 20.000000 9.000000
28.284271 28.284271 90.500000
28.284271 28.284271 9.000000
19.999998 34.641018 90.500000
19.999998 34.641018 9.000000
10.352763 38.637032 90.500000
10.352763 38.637032 9.000000
0.000000 40.000000 90.500000
0.000000 40.000000 9.000000
-10.352761 38.637032 90.500000
-10.352761 38.637032 9.000000
-20.000002 34.641014 90.500000
-20.000002 34.641014 9.000000
-28.284271 28.284271 90.500000
-28.284271 28.284271 9.000000
-34.641014 20.000002 90.500000
-34.641014 20.000002 9.000000
-38.637032 10.352766 90.500000
-38.637032 10.352766 9.000000
-40.000000 0.000000 90.500000
-40.000000 0.000000 9.000000
-38.637032 -10.352763 90.500000
-38.637032 -10.352763 9.000000
-34.641018 -20.000000 90.500000
-34.641018 -20.000000 9.000000
-28.284273 -28.284269 90.500000
-28.284273 -28.284269 9.000000
-19.999996 -34.641018 90.500000
-19.999996 -34.641018 9.000000
-10.352759 -38.637035 90.500000
-10.352759 -38.637035 9.000000
0.000000 -40.000000 90.500000
0.000000 -40.000000 9.000000
10.352760 -38.637035 90.500000
10.352760 -38.637035 9.000000
19.999996 -34.641018 90.500000
19.999996 -34.641018 9.000000
28.284267 -28.284275 90.500000
28.284267 -28.284275 9.000000
34.641014 -20.000008 90.500000
34.641014 -20.000008 9.000000
38.637035 -10.352753 90.500000
38.637035 -10.352753 9.000000
40.000000 0.000000 90.500000
40.000000 0.000000 9.000000
0
26
4 47 1 0 46
4 1 3 2 0
4 3 5 4 2
4 5 7 6 4
4 7 9 8 6
4 9 11 10 8
4 11 13 12 10
4 13 15 14 12
4 15 17 16 14
4 17 19 18 16
4 19 21 20 18
4 21 23 22 20
4 23 25 24 22
4 25 27 26 24
4 27 29 28 26
4 29 31 30 28
4 31 33 32 30
4 33 35 34 32
4 35 37 36 34
4 37 39 38 36
4 39 41 40 38
4 41 43 42 40
4 43 45 44 42
4 45 47 46 44
24 47 45 43 41 39 37 35 33 31 29 27 25 23 21 19 17
   15 13 11 9 7 5 3 1
24 46 0 2 4 6 8 10 12 14 16 18 20 22 24 26 28
   30 32 34 36 38 40 42 44
0
