11
2
1.000000 0.000000 0.000000
0.000000 1.000000 0.000000
0.000000 0.000000 1.000000
0.000000 0.000000 -41.000000
1.000000 0.000000 0.000000
0.000000 1.000000 0.000000
0.000000 0.000000 1.000000
500.000000 0.000000 0.000000
0
0
6
-2
48
545.000000 0.000000 57.000000
545.000000 0.000000 58.000000
543.466675 -11.646848 57.000000
543.466675 -11.646848 58.000000
538.971130 -22.500008 57.000000
538.971130 -22.500008 58.000000
531.819824 -31.819809 57.000000
531.819824 -31.819809 58.000000
522.500000 -38.971146 57.000000
522.500000 -38.971146 58.000000
511.646851 -43.466663 57.000000
511.646851 -43.466663 58.000000
500.000000 -45.000000 57.000000
500.000000 -45.000000 58.000000
488.353149 -43.466663 57.000000
488.353149 -43.466663 58.000000
477.500000 -38.971146 57.000000
477.500000 -38.971146 58.000000
468.180206 -31.819803 57.000000
468.180206 -31.819803 58.000000
461.028870 -22.500000 57.000000
461.028870 -22.500000 58.000000
456.533325 -11.646859 57.000000
456.533325 -11.646859 58.000000
455.000000 0.000000 57.000000
455.000000 0.000000 58.000000
456.533325 11.646860 57.000000
456.533325 11.646860 58.000000
461.028870 22.500002 57.000000
461.028870 22.500002 58.000000
468.180206 31.819805 57.000000
468.180206 31.819805 58.000000
477.500000 38.971142 57.000000
477.500000 38.971142 58.000000
488.353149 43.466663 57.000000
488.353149 43.466663 58.000000
500.000000 45.000000 57.000000
500.000000 45.000000 58.000000
511.646851 43.466663 57.000000
511.646851 43.466663 58.000000
522.500000 38.971146 57.000000
522.500000 38.971146 58.000000
531.819824 31.819805 57.000000
531.819824 31.819805 58.000000
538.971130 22.500000 57.000000
538.971130 22.500000 58.000000
543.466675 11.646856 57.000000
543.466675 11.646856 58.000000
0
26
4 0 46 47 1
4 46 44 45 47
4 44 42 43 45
4 42 40 41 43
4 40 38 39 41
4 38 36 37 39
4 36 34 35 37
4 34 32 33 35
4 32 30 31 33
4 30 28 29 31
4 28 26 27 29
4 26 24 25 27
4 24 22 23 25
4 22 20 21 23
4 20 18 19 21
4 18 16 17 19
4 16 14 15 17
4 14 12 13 15
4 12 10 11 13
4 10 8 9 11
4 8 6 7 9
4 6 4 5 7
4 4 2 3 5
4 2 0 1 3
24 0 2 4 6 8 10 12 14 16 18 20 22 24 26 28 30
   32 34 36 38 40 42 44 46
24 1 47 45 43 41 39 37 35 33 31 29 27 25 23 21 19
   17 15 13 11 9 7 5 3
0
0
-2
48
456.533234 11.646856 -57.999996
456.533234 11.646856 -56.999996
461.028778 22.500000 -57.999996
461.028778 22.500000 -56.999996
468.180115 31.819805 -57.999996
468.180115 31.819805 -56.999996
477.499908 38.971146 -57.999996
477.499908 38.971146 -56.999996
488.353058 43.466663 -57.999996
488.353058 43.466663 -56.999996
499.999908 45.000000 -57.999996
499.999908 45.000000 -56.999996
511.646759 43.466663 -57.999996
511.646759 43.466663 -56.999996
522.499939 38.971142 -57.999996
522.499939 38.971142 -56.999996
531.819702 31.819805 -57.999996
531.819702 31.819805 -56.999996
538.971069 22.500002 -57.999996
538.971069 22.500002 -56.999996
543.466553 11.646860 -57.999996
543.466553 11.646860 -56.999996
544.999878 0.000000 -57.999996
544.999878 0.000000 -56.999996
543.466553 -11.646859 -57.999996
543.466553 -11.646859 -56.999996
538.971069 -22.500000 -57.999996
538.971069 -22.500000 -56.999996
531.819702 -31.819803 -57.999996
531.819702 -31.819803 -56.999996
522.499878 -38.971146 -57.999996
522.499878 -38.971146 -56.999996
511.646759 -43.466663 -57.999996
511.646759 -43.466663 -56.999996
499.999908 -45.000000 -57.999996
499.999908 -45.000000 -56.999996
488.353058 -43.466663 -57.999996
488.353058 -43.466663 -56.999996
477.499908 -38.971146 -57.999996
477.499908 -38.971146 -56.999996
468.180115 -31.819809 -57.999996
468.180115 -31.819809 -56.999996
461.028778 -22.500008 -57.999996
461.028778 -22.500008 -56.999996
456.533234 -11.646848 -57.999996
456.533234 -11.646848 -56.999996
454.999908 0.000000 -57.999996
454.999908 0.000000 -56.999996
0
26
4 47 1 0 46
4 1 3 2 0
4 3 5 4 2
4 5 7 6 4
4 7 9 8 6
4 9 11 10 8
4 11 13 12 10
4 13 15 14 12
4 15 17 16 14
4 17 19 18 16
4 19 21 20 18
4 21 23 22 20
4 23 25 24 22
4 25 27 26 24
4 27 29 28 26
4 29 31 30 28
4 31 33 32 30
4 33 35 34 32
4 35 37 36 34
4 37 39 38 36
4 39 41 40 38
4 41 43 42 40
4 43 45 44 42
4 45 47 46 44
24 47 45 43 41 39 37 35 33 31 29 27 25 23 21 19 17
   15 13 11 9 7 5 3 1
24 46 0 2 4 6 8 10 12 14 16 18 20 22 24 26 28
   30 32 34 36 38 40 42 44
0
0
-2
48
545.000000 0.000000 -57.000000
545.000000 0.000000 -33.000000
543.466675 -11.646847 -57.000000
543.466675 -11.646847 -33.000000
538.971130 -22.500008 -57.000000
538.971130 -22.500008 -33.000000
531.819824 -31.819809 -57.000000
531.819824 -31.819809 -33.000000
522.500000 -38.971146 -57.000000
522.500000 -38.971146 -33.000000
511.646851 -43.466663 -57.000000
511.646851 -43.466663 -33.000000
500.000000 -45.000000 -57.000000
500.000000 -45.000000 -33.000000
488.353149 -43.466663 -57.000000
488.353149 -43.466663 -33.000000
477.500000 -38.971146 -57.000000
477.500000 -38.971146 -33.000000
468.180206 -31.819803 -57.000000
468.180206 -31.819803 -33.000000
461.028870 -22.500000 -57.000000
461.028870 -22.500000 -33.000000
456.533325 -11.646858 -57.000000
456.533325 -11.646858 -33.000000
455.000000 0.000000 -57.000000
455.000000 0.000000 -33.000000
456.533325 11.646861 -57.000000
456.533325 11.646861 -33.000000
461.028870 22.500002 -57.000000
461.028870 22.500002 -33.000000
468.180206 31.819805 -57.000000
468.180206 31.819805 -33.000000
477.500000 38.971142 -57.000000
477.500000 38.971142 -33.000000
488.353149 43.466663 -57.000000
488.353149 43.466663 -33.000000
500.000000 45.000000 -57.000000
500.000000 45.000000 -33.000000
511.646851 43.466663 -57.000000
511.646851 43.466663 -33.000000
522.500000 38.971146 -57.000000
522.500000 38.971146 -33.000000
531.819824 31.819805 -57.000000
531.819824 31.819805 -33.000000
538.971130 22.500000 -57.000000
538.971130 22.500000 -33.000000
543.466675 11.646857 -57.000000
543.466675 11.646857 -33.000000
0
26
4 0 46 47 1
4 46 44 45 47
4 44 42 43 45
4 42 40 41 43
4 40 38 39 41
4 38 36 37 39
4 36 34 35 37
4 34 32 33 35
4 32 30 31 33
4 30 28 29 31
4 28 26 27 29
4 26 24 25 27
4 24 22 23 25
4 22 20 21 23
4 20 18 19 21
4 18 16 17 19
4 16 14 15 17
4 14 12 13 15
4 12 10 11 13
4 10 8 9 11
4 8 6 7 9
4 6 4 5 7
4 4 2 3 5
4 2 0 1 3
24 0 2 4 6 8 10 12 14 16 18 20 22 24 26 28 30
   32 34 36 38 40 42 44 46
24 1 47 45 43 41 39 37 35 33 31 29 27 25 23 21 19
   17 15 13 11 9 7 5 3
0
0
-2
48
545.000000 0.000000 57.000000
545.000000 0.000000 33.000000
543.466675 -11.646847 57.000000
543.466675 -11.646847 33.000000
538.971130 -22.500008 57.000000
538.971130 -22.500008 33.000000
531.819824 -31.819809 57.000000
531.819824 -31.819809 33.000000
522.500000 -38.971146 57.000000
522.500000 -38.971146 33.000000
511.646851 -43.466663 57.000000
511.646851 -43.466663 33.000000
500.000000 -45.000000 57.000000
500.000000 -45.000000 33.000000
488.353149 -43.466663 57.000000
488.353149 -43.466663 33.000000
477.500000 -38.971146 57.000000
477.500000 -38.971146 33.000000
468.180206 -31.819803 57.000000
468.180206 -31.819803 33.000000
461.028870 -22.500000 57.000000
461.028870 -22.500000 33.000000
456.533325 -11.646858 57.000000
456.533325 -11.646858 33.000000
455.000000 0.000000 57.000000
455.000000 0.000000 33.000000
456.533325 11.646861 57.000000
456.533325 11.646861 33.000000
461.028870 22.500002 57.000000
461.028870 22.500002 33.000000
468.180206 31.819805 57.000000
468.180206 31.819805 33.000000
477.500000 38.971142 57.000000
477.500000 38.971142 33.000000
488.353149 43.466663 57.000000
488.353149 43.466663 33.000000
500.000000 45.000000 57.000000
500.000000 45.000000 33.000000
511.646851 43.466663 57.000000
511.646851 43.466663 33.000000
522.500000 38.971146 57.000000
522.500000 38.971146 33.000000
531.819824 31.819805 57.000000
531.819824 31.819805 33.000000
538.971130 22.500000 57.000000
538.971130 22.500000 33.000000
543.466675 11.646857 57.000000
543.466675 11.646857 33.000000
0
26
4 0 1 47 46
4 46 47 45 44
4 44 45 43 42
4 42 43 41 40
4 40 41 39 38
4 38 39 37 36
4 36 37 35 34
4 34 35 33 32
4 32 33 31 30
4 30 31 29 28
4 28 29 27 26
4 26 27 25 24
4 24 25 23 22
4 22 23 21 20
4 20 21 19 18
4 18 19 17 16
4 16 17 15 14
4 14 15 13 12
4 12 13 11 10
4 10 11 9 8
4 8 9 7 6
4 6 7 5 4
4 4 5 3 2
4 2 3 1 0
24 0 46 44 42 40 38 36 34 32 30 28 26 24 22 20 18
   16 14 12 10 8 6 4 2
24 1 3 5 7 9 11 13 15 17 19 21 23 25 27 29 31
   33 35 37 39 41 43 45 47
0
0
-2
78
80.000000 0.000000 -75.000000
77.274063 20.705524 -75.000000
77.274063 20.705524 75.000000
80.000000 0.000000 75.000000
-39.999992 -69.282036 -75.000000
-20.705519 -77.274071 -75.000000
-20.705519 -77.274071 75.000000
-39.999992 -69.282036 75.000000
0.000000 -80.000000 -75.000000
0.000000 -80.000000 75.000000
20.705521 -77.274071 -75.000000
20.705521 -77.274071 75.000000
39.999992 -69.282036 -75.000000
39.999992 -69.282036 75.000000
56.568535 -56.568550 -75.000000
56.568535 -56.568550 75.000000
69.282028 -40.000015 -75.000000
69.282028 -40.000015 75.000000
77.274071 -20.705505 -75.000000
77.274071 -20.705505 75.000000
-56.568546 -56.568539 -75.000000
-69.282036 -40.000000 -75.000000
-77.274063 -20.705526 -75.000000
-80.000000 0.000000 -75.000000
-77.274063 20.705532 -75.000000
-69.282028 40.000004 -75.000000
-56.568542 56.568542 -75.000000
-40.000004 69.282028 -75.000000
-20.705523 77.274063 -75.000000
0.000000 80.000000 -75.000000
20.705526 77.274063 -75.000000
39.999996 69.282036 -75.000000
56.568542 56.568542 -75.000000
69.282028 40.000000 -75.000000
69.282028 40.000000 75.000000
56.568542 56.568542 75.000000
39.999996 69.282036 75.000000
20.705526 77.274063 75.000000
0.000000 80.000000 75.000000
-20.705523 77.274063 75.000000
-40.000004 69.282028 75.000000
-56.568542 56.568542 75.000000
-69.282028 40.000004 75.000000
-77.274063 20.705532 75.000000
-80.000000 0.000000 75.000000
-77.274063 -20.705526 75.000000
-69.282036 -40.000000 75.000000
-56.568546 -56.568539 75.000000
69.282028 40.000000 -40.999996
56.568542 56.568542 -41.000000
39.999996 69.282036 -41.000000
39.999996 69.282036 -9.999999
20.705526 77.274063 -9.999999
60.000000 52.096581 -41.000000
60.000000 52.096577 75.000000
20.705526 77.274063 -40.999996
0.000000 80.000000 -41.000000
0.000000 80.000000 -9.999999
-20.705523 77.274063 -9.999999
-20.705523 77.274063 -40.999996
-40.000004 69.282028 -41.000000
-40.000004 69.282028 -9.999999
-56.568542 56.568542 -9.999999
-56.568542 56.568542 -40.999996
-69.282028 40.000004 -41.000000
-69.282028 40.000004 -9.999999
-77.274063 20.705532 -9.999999
-77.274063 20.705532 -40.999996
-80.000000 0.000000 -41.000000
-80.000000 0.000000 -9.999999
-77.274063 -20.705526 -9.999999
-77.274063 -20.705526 -40.999996
-69.282036 -40.000000 -41.000000
-69.282036 -40.000000 -9.999999
56.568542 56.568542 -10.000002
60.000000 52.096581 -10.000002
60.000000 -40.000000 -41.000000
60.000000 -40.000000 -10.000000
0
43
4 0 1 2 3
4 4 5 6 7
4 5 8 9 6
4 8 10 11 9
4 10 12 13 11
4 12 14 15 13
4 14 16 17 15
4 16 18 19 17
4 18 0 3 19
24 0 18 16 14 12 10 8 5 4 20 21 22 23 24 25 26
   27 28 29 30 31 32 33 1
24 3 2 34 35 36 37 38 39 40 41 42 43 44 45 46 47
   7 6 9 11 13 15 17 19
4 48 33 32 49
4 49 32 31 50
4 51 52 37 36
4 48 53 54 34
4 55 30 29 56
4 57 58 39 38
4 59 28 27 60
4 61 62 41 40
4 63 26 25 64
4 65 66 43 42
4 67 24 23 68
4 69 70 45 44
4 71 22 21 72
4 74 51 36 35
4 75 74 35 54
4 50 31 30 55
4 52 57 38 37
4 56 29 28 59
4 58 61 40 39
4 60 27 26 63
4 62 65 42 41
4 64 25 24 67
4 66 69 44 43
4 68 23 22 71
4 70 73 46 45
4 76 77 75 53
4 72 73 77 76
14 72 76 53 49 50 55 56 59 60 63 64 67 68 71
14 58 57 52 51 74 75 77 73 70 69 66 65 62 61
4 1 33 34 2
4 20 4 7 47
4 47 46 21 20
0
0
-2
32
0.000000 -80.000000 73.199997
500.000000 -45.000000 53.200001
500.000000 45.000000 53.200001
0.000000 45.000000 73.199997
0.000000 45.000000 -73.199997
500.000000 45.000000 -53.200001
500.000000 -45.000000 -53.200001
0.000000 -80.000000 -73.199997
0.000000 -80.000000 -35.000004
500.000000 -45.000000 -35.000000
450.000000 -48.500000 -35.000000
450.000000 -48.500000 55.200001
450.000000 -48.500000 35.000000
500.000000 -45.000000 35.000000
450.000000 45.000000 35.000000
500.000000 45.000000 35.000000
450.000000 45.000000 -35.000000
60.000000 -40.000000 -41.000000
60.000000 -40.000000 -10.000000
60.000000 45.000000 -41.000000
60.000000 44.999996 -10.000000
0.000000 45.000000 35.000004
500.000000 45.000000 -35.000000
200.000000 45.000000 -34.999996
200.000000 45.000000 -65.199997
200.000000 45.000000 21.000000
200.000000 45.000000 35.000004
0.000000 45.000000 21.000000
60.000000 45.000000 -70.799995
0.000000 45.000000 -41.000000
60.000004 45.000000 21.000000
0.000000 45.000000 -10.000000
0
16
4 0 1 2 3
4 4 5 6 7
4 8 7 6 9
4 8 10 11 0
4 12 13 1 11
4 14 15 13 12
4 16 14 12 10
4 17 18 20 19
4 21 3 2 15
4 10 9 22 16
4 23 22 5 24
4 25 27 21 26
4 30 20 31 27
4 4 29 19 28
4 16 23 26 14
4 24 28 30 25
0
0
