11
1
1.000000 0.000000 0.000000
0.000000 0.000000 1.000000
0.000000 -1.000000 0.000000
120.000000 0.000000 0.000000
0
0
13
-2
48
120.000015 259.999969 -72.500000
120.000015 309.999969 -60.000000
138.764374 259.999969 -70.029633
135.529144 309.999969 -57.955566
156.250031 259.999969 -62.786835
150.000031 309.999969 -51.961517
171.265259 259.999969 -51.265228
162.426422 309.999969 -42.426392
182.786865 259.999969 -36.250000
171.961548 309.999969 -30.000000
190.029633 259.999969 -18.764374
177.955566 309.999969 -15.529144
192.500015 259.999969 0.000000
180.000015 309.999969 0.000000
190.029633 259.999969 18.764404
177.955566 309.999969 15.529114
182.786865 259.999969 36.250000
171.961548 309.999969 30.000000
171.265259 259.999969 51.265259
162.426422 309.999969 42.426392
156.250015 259.999969 62.786865
150.000015 309.999969 51.961548
138.764404 259.999969 70.029602
135.529160 309.999969 57.955566
120.000015 259.999969 72.500000
120.000015 309.999969 60.000000
101.235626 259.999969 70.029602
104.470871 309.999969 57.955566
83.750015 259.999969 62.786865
90.000015 309.999969 51.961548
68.734772 259.999969 51.265259
77.573608 309.999969 42.426392
57.213177 259.999969 36.250000
68.038498 309.999969 30.000000
49.970390 259.999969 18.764404
62.044464 309.999969 15.529114
47.500015 259.999969 0.000000
60.000015 309.999969 0.000000
49.970390 259.999969 -18.764374
62.044468 309.999969 -15.529144
57.213173 259.999969 -36.250000
68.038490 309.999969 -30.000000
68.734772 259.999969 -51.265228
77.573608 309.999969 -42.426392
83.750015 259.999969 -62.786835
90.000015 309.999969 -51.961517
101.235634 259.999969 -70.029633
104.470871 309.999969 -57.955536
0
25
4 0 46 47 1
4 46 44 45 47
4 44 42 43 45
4 42 40 41 43
4 40 38 39 41
4 38 36 37 39
4 36 34 35 37
4 34 32 33 35
4 32 30 31 33
4 30 28 29 31
4 28 26 27 29
4 26 24 25 27
4 24 22 23 25
4 22 20 21 23
4 20 18 19 21
4 18 16 17 19
4 16 14 15 17
4 14 12 13 15
4 12 10 11 13
4 10 8 9 11
4 8 6 7 9
4 6 4 5 7
4 4 2 3 5
4 2 0 1 3
24 1 47 45 43 41 39 37 35 33 31 29 27 25 23 21 19
   17 15 13 11 9 7 5 3
0
0
-2
48
120.000015 -290.000000 -70.478729
120.000015 -70.000000 -77.500000
140.058487 -70.000000 -74.859253
138.241257 -290.000000 -68.077209
158.750015 -70.000000 -67.116974
155.239380 -290.000000 -61.036377
174.800797 -70.000000 -54.800781
169.835999 -290.000000 -49.835999
187.116974 -70.000000 -38.750000
181.036377 -290.000000 -35.239349
194.859268 -70.000000 -20.058472
188.077240 -290.000000 -18.241241
197.500015 -70.000000 0.000000
190.478745 -290.000000 0.000000
194.859268 -70.000000 20.058472
188.077240 -290.000000 18.241211
187.116974 -70.000000 38.750000
181.036377 -290.000000 35.239380
174.800781 -70.000000 54.800781
169.835999 -290.000000 49.835999
158.750015 -70.000000 67.116943
155.239380 -290.000000 61.036377
140.058502 -70.000000 74.859253
138.241257 -290.000000 68.077209
120.000015 -70.000000 77.500000
120.000015 -290.000000 70.478699
99.941536 -70.000000 74.859253
101.758781 -290.000000 68.077209
81.250015 -70.000000 67.116943
84.760651 -290.000000 61.036377
65.199242 -70.000000 54.800781
70.164040 -290.000000 49.835999
52.883041 -70.000000 38.750000
58.963642 -290.000000 35.239380
45.140762 -70.000000 20.058472
51.922794 -290.000000 18.241211
42.500015 -70.000000 0.000000
49.521290 -290.000000 0.000000
45.140762 -70.000000 -20.058472
51.922794 -290.000000 -18.241241
52.883041 -70.000000 -38.750000
58.963646 -290.000000 -35.239349
65.199234 -70.000000 -54.800781
70.164024 -290.000000 -49.835968
81.250000 -70.000000 -67.116943
84.760643 -290.000000 -61.036377
99.941559 -70.000000 -74.859253
101.758797 -290.000000 -68.077209
0
25
4 0 1 2 3
4 3 2 4 5
4 5 4 6 7
4 7 6 8 9
4 9 8 10 11
4 11 10 12 13
4 13 12 14 15
4 15 14 16 17
4 17 16 18 19
4 19 18 20 21
4 21 20 22 23
4 23 22 24 25
4 25 24 26 27
4 27 26 28 29
4 29 28 30 31
4 31 30 32 33
4 33 32 34 35
4 35 34 36 37
4 37 36 38 39
4 39 38 40 41
4 41 40 42 43
4 43 42 44 45
4 45 44 46 47
4 47 46 1 0
24 19 21 23 25 27 29 31 33 35 37 39 41 43 45 47 0
   3 5 7 9 11 13 15 17
0
0
-2
48
138.816147 260.000000 -70.222809
140.058487 140.000000 -74.859253
156.350037 260.000000 -62.960052
158.750031 140.000000 -67.116943
171.406693 260.000000 -51.406647
174.800812 140.000000 -54.800781
182.960068 260.000000 -36.349976
187.117004 140.000000 -38.750000
190.222839 260.000000 -18.816132
194.859283 140.000000 -20.058472
192.700027 260.000000 0.000000
197.500031 140.000000 0.000000
190.222839 260.000000 18.816162
194.859283 140.000000 20.058472
182.960068 260.000000 36.349976
187.117004 140.000000 38.750000
171.406677 260.000000 51.406677
174.800797 140.000000 54.800781
156.350037 260.000000 62.960022
158.750031 140.000000 67.116943
138.816162 260.000000 70.222778
140.058502 140.000000 74.859253
120.000023 260.000000 72.700012
120.000023 140.000000 77.500000
101.183868 260.000000 70.222778
99.941544 140.000000 74.859253
83.650017 260.000000 62.960022
81.250015 140.000000 67.116943
68.593369 260.000000 51.406677
65.199249 140.000000 54.800781
57.039978 260.000000 36.349976
52.883057 140.000000 38.750000
49.777214 260.000000 18.816162
45.140770 140.000000 20.058472
47.300022 260.000000 0.000000
42.500023 140.000000 0.000000
49.777214 260.000000 -18.816162
45.140770 140.000000 -20.058472
57.039974 260.000000 -36.350006
52.883057 140.000000 -38.750000
68.593361 260.000000 -51.406677
65.199249 140.000000 -54.800781
83.650024 260.000000 -62.960052
81.250023 140.000000 -67.116974
101.183876 260.000000 -70.222809
99.941544 140.000000 -74.859253
120.000023 140.000000 -77.500000
120.000023 260.000000 -72.700012
0
24
4 47 46 45 44
4 44 45 43 42
4 42 43 41 40
4 40 41 39 38
4 38 39 37 36
4 36 37 35 34
4 34 35 33 32
4 32 33 31 30
4 30 31 29 28
4 28 29 27 26
4 26 27 25 24
4 24 25 23 22
4 22 23 21 20
4 20 21 19 18
4 18 19 17 16
4 16 17 15 14
4 14 15 13 12
4 12 13 11 10
4 10 11 9 8
4 8 9 7 6
4 6 7 5 4
4 4 5 3 2
4 2 3 1 0
4 0 1 46 47
0
0
-2
48
140.058472 140.000000 74.859253
140.058472 -70.000000 74.859253
158.750000 140.000000 67.116943
158.750000 -70.000000 67.116943
174.800781 140.000000 54.800781
174.800781 -70.000000 54.800781
187.116974 140.000000 38.750000
187.116974 -70.000000 38.750000
194.859253 140.000000 20.058472
194.859253 -70.000000 20.058472
197.500000 140.000000 0.000000
197.500000 -70.000000 0.000000
194.859253 140.000000 -20.058472
194.859253 -70.000000 -20.058472
187.116974 140.000000 -38.750000
187.116974 -70.000000 -38.750000
174.800781 140.000000 -54.800781
174.800781 -70.000000 -54.800781
158.750000 140.000000 -67.116974
158.750000 -70.000000 -67.116974
140.058487 140.000000 -74.859253
140.058487 -70.000000 -74.859253
119.999992 140.000000 -77.500000
119.999992 -70.000000 -77.500000
99.941521 140.000000 -74.859253
99.941521 -70.000000 -74.859253
81.250000 140.000000 -67.116974
81.250000 -70.000000 -67.116974
65.199226 140.000000 -54.800781
65.199226 -70.000000 -54.800781
52.883026 140.000000 -38.750000
52.883026 -70.000000 -38.750000
45.140747 140.000000 -20.058472
45.140747 -70.000000 -20.058472
42.500000 140.000000 0.000000
42.500000 -70.000000 0.000000
45.140747 140.000000 20.058472
45.140747 -70.000000 20.058472
52.883026 140.000000 38.750000
52.883026 -70.000000 38.750000
65.199219 140.000000 54.800781
65.199219 -70.000000 54.800781
81.249985 140.000000 67.116943
81.249985 -70.000000 67.116943
99.941544 140.000000 74.859253
99.941544 -70.000000 74.859253
120.000015 140.000000 77.500000
120.000015 -70.000000 77.500000
0
25
4 47 1 0 46
4 1 3 2 0
4 3 5 4 2
4 5 7 6 4
4 7 9 8 6
4 9 11 10 8
4 11 13 12 10
4 13 15 14 12
4 15 17 16 14
4 17 19 18 16
4 19 21 20 18
4 21 23 22 20
4 23 25 24 22
4 25 27 26 24
4 27 29 28 26
4 29 31 30 28
4 31 33 32 30
4 33 35 34 32
4 35 37 36 34
4 37 39 38 36
4 39 41 40 38
4 41 43 42 40
4 43 45 44 42
4 45 47 46 44
24 47 45 43 41 39 37 35 33 31 29 27 25 23 21 19 17
   15 13 11 9 7 5 3 1
0
0
-2
8
46.000000 165.000000 -21.000000
56.000000 165.000000 -21.000000
56.000000 241.000000 -21.000000
46.000000 241.000000 -21.000000
46.000000 165.000000 4.000000
46.000000 241.000000 4.000000
56.000000 241.000000 4.000000
56.000000 165.000000 4.000000
0
6
4 0 3 2 1
4 4 7 6 5
4 3 0 4 5
4 2 3 5 6
4 1 2 6 7
4 0 1 7 4
0
0
-2
48
31.000000 210.000000 -21.000000
31.000000 210.000000 -23.000000
29.943701 218.023392 -23.000000
29.943701 218.023392 -21.000000
26.846786 225.500000 -23.000000
26.846786 225.500000 -21.000000
21.920309 231.920303 -23.000000
21.920309 231.920303 -21.000000
15.499999 236.846786 -23.000000
15.499999 236.846786 -21.000000
8.023391 239.943695 -23.000000
8.023391 239.943695 -21.000000
0.000000 241.000000 -23.000000
0.000000 241.000000 -21.000000
-8.023390 239.943695 -23.000000
-8.023390 239.943695 -21.000000
-15.500002 236.846786 -23.000000
-15.500002 236.846786 -21.000000
-21.920311 231.920303 -23.000000
-21.920311 231.920303 -21.000000
-26.846786 225.500000 -23.000000
-26.846786 225.500000 -21.000000
-29.943699 218.023392 -23.000000
-29.943699 218.023392 -21.000000
-31.000000 210.000000 -23.000000
-31.000000 210.000000 -21.000000
-29.943701 201.976608 -23.000000
-29.943701 201.976608 -21.000000
-26.846788 194.500000 -23.000000
-26.846788 194.500000 -21.000000
-21.920311 188.079697 -23.000000
-21.920311 188.079697 -21.000000
-15.499997 183.153214 -23.000000
-15.499997 183.153214 -21.000000
-8.023389 180.056305 -23.000000
-8.023389 180.056305 -21.000000
0.000000 179.000000 -23.000000
0.000000 179.000000 -21.000000
8.023389 180.056305 -23.000000
8.023389 180.056305 -21.000000
15.499997 183.153214 -23.000000
15.499997 183.153214 -21.000000
21.920307 188.079681 -23.000000
21.920307 188.079681 -21.000000
26.846785 194.500000 -23.000000
26.846785 194.500000 -21.000000
29.943703 201.976624 -23.000000
29.943703 201.976624 -21.000000
0
25
4 0 1 2 3
4 3 2 4 5
4 5 4 6 7
4 7 6 8 9
4 9 8 10 11
4 11 10 12 13
4 13 12 14 15
4 15 14 16 17
4 17 16 18 19
4 19 18 20 21
4 21 20 22 23
4 23 22 24 25
4 25 24 26 27
4 27 26 28 29
4 29 28 30 31
4 31 30 32 33
4 33 32 34 35
4 35 34 36 37
4 37 36 38 39
4 39 38 40 41
4 41 40 42 43
4 43 42 44 45
4 45 44 46 47
4 47 46 1 0
24 1 46 44 42 40 38 36 34 32 30 28 26 24 22 20 18
   16 14 12 10 8 6 4 2
0
0
-2
52
46.000000 165.000000 4.000000
46.000000 165.000000 -21.000000
46.000000 241.000000 -21.000000
46.000000 241.000000 4.000000
29.943703 201.976624 4.000000
29.943703 201.976624 -21.000000
26.846785 194.500000 4.000000
26.846785 194.500000 -21.000000
21.920307 188.079681 4.000000
21.920307 188.079681 -21.000000
15.499997 183.153214 4.000000
15.499997 183.153214 -21.000000
8.023389 180.056305 4.000000
8.023389 180.056305 -21.000000
0.000000 179.000000 4.000000
0.000000 179.000000 -21.000000
-8.023389 180.056305 4.000000
-8.023389 180.056305 -21.000000
-15.499997 183.153214 4.000000
-15.499997 183.153214 -21.000000
-21.920311 188.079697 4.000000
-21.920311 188.079697 -21.000000
-26.846788 194.500000 4.000000
-26.846788 194.500000 -21.000000
-29.943701 201.976608 4.000000
-29.943701 201.976608 -21.000000
-31.000000 210.000000 4.000000
-31.000000 210.000000 -21.000000
-29.943699 218.023392 4.000000
-29.943699 218.023392 -21.000000
-26.846786 225.500000 4.000000
-26.846786 225.500000 -21.000000
-21.920311 231.920303 4.000000
-21.920311 231.920303 -21.000000
-15.500002 236.846786 4.000000
-15.500002 236.846786 -21.000000
-8.023390 239.943695 4.000000
-8.023390 239.943695 -21.000000
0.000000 241.000000 4.000000
0.000000 241.000000 -21.000000
8.023391 239.943695 4.000000
8.023391 239.943695 -21.000000
15.499999 236.846786 4.000000
15.499999 236.846786 -21.000000
21.920309 231.920303 4.000000
21.920309 231.920303 -21.000000
26.846786 225.500000 4.000000
26.846786 225.500000 -21.000000
31.000000 210.000000 4.000000
29.943701 218.023392 4.000000
29.943701 218.023392 -21.000000
31.000000 210.000000 -21.000000
0
29
4 51 50 49 48
4 50 47 46 49
4 47 45 44 46
4 45 43 42 44
4 43 41 40 42
4 41 39 38 40
4 39 37 36 38
4 37 35 34 36
4 35 33 32 34
4 33 31 30 32
4 31 29 28 30
4 29 27 26 28
4 27 25 24 26
4 25 23 22 24
4 23 21 20 22
4 21 19 18 20
4 19 17 16 18
4 17 15 14 16
4 15 13 12 14
4 13 11 10 12
4 11 9 8 10
4 9 7 6 8
4 7 5 4 6
4 5 51 48 4
24 48 49 46 44 42 40 38 36 34 32 30 28 26 24 22 20
   18 16 14 12 10 8 6 4
4 3 2 39 38
4 16 17 1 0
4 2 1 17 39
4 16 0 3 38
0
0
-2
8
56.000000 -68.000000 -42.000000
66.000000 -68.000000 -42.000000
66.000000 68.000000 -42.000000
56.000000 68.000000 -42.000000
56.000000 -68.000000 42.000000
56.000000 68.000000 42.000000
66.000000 68.000000 42.000000
66.000000 -68.000000 42.000000
0
6
4 0 3 2 1
4 4 7 6 5
4 3 0 4 5
4 2 3 5 6
4 1 2 6 7
4 0 1 7 4
0
0
-2
48
51.000000 0.000000 45.000000
51.000000 0.000000 42.000000
49.262218 13.199772 42.000000
49.262218 13.199772 45.000000
44.167294 25.500000 42.000000
44.167294 25.500000 45.000000
36.062447 36.062447 42.000000
36.062447 36.062447 45.000000
25.499998 44.167297 42.000000
25.499998 44.167297 45.000000
13.199773 49.262218 42.000000
13.199773 49.262218 45.000000
0.000000 51.000000 42.000000
0.000000 51.000000 45.000000
-13.199771 49.262218 42.000000
-13.199771 49.262218 45.000000
-25.500002 44.167294 42.000000
-25.500002 44.167294 45.000000
-36.062447 36.062447 42.000000
-36.062447 36.062447 45.000000
-44.167294 25.500002 42.000000
-44.167294 25.500002 45.000000
-49.262215 13.199776 42.000000
-49.262215 13.199776 45.000000
-51.000000 0.000000 42.000000
-51.000000 0.000000 45.000000
-49.262218 -13.199773 42.000000
-49.262218 -13.199773 45.000000
-44.167297 -25.500000 42.000000
-44.167297 -25.500000 45.000000
-36.062447 -36.062443 42.000000
-36.062447 -36.062443 45.000000
-25.499994 -44.167297 42.000000
-25.499994 -44.167297 45.000000
-13.199768 -49.262218 42.000000
-13.199768 -49.262218 45.000000
0.000000 -51.000000 42.000000
0.000000 -51.000000 45.000000
13.199769 -49.262218 42.000000
13.199769 -49.262218 45.000000
25.499996 -44.167297 42.000000
25.499996 -44.167297 45.000000
36.062439 -36.062450 42.000000
36.062439 -36.062450 45.000000
44.167290 -25.500010 42.000000
44.167290 -25.500010 45.000000
49.262218 -13.199760 42.000000
49.262218 -13.199760 45.000000
0
25
4 0 1 2 3
4 3 2 4 5
4 5 4 6 7
4 7 6 8 9
4 9 8 10 11
4 11 10 12 13
4 13 12 14 15
4 15 14 16 17
4 17 16 18 19
4 19 18 20 21
4 21 20 22 23
4 23 22 24 25
4 25 24 26 27
4 27 26 28 29
4 29 28 30 31
4 31 30 32 33
4 33 32 34 35
4 35 34 36 37
4 37 36 38 39
4 39 38 40 41
4 41 40 42 43
4 43 42 44 45
4 45 44 46 47
4 47 46 1 0
24 0 3 5 7 9 11 13 15 17 19 21 23 25 27 29 31
   33 35 37 39 41 43 45 47
0
0
-2
48
51.000000 0.000000 -42.000000
51.000000 0.000000 -45.000000
49.262218 13.199772 -45.000000
49.262218 13.199772 -42.000000
44.167294 25.500000 -45.000000
44.167294 25.500000 -42.000000
36.062447 36.062447 -45.000000
36.062447 36.062447 -42.000000
25.499998 44.167297 -45.000000
25.499998 44.167297 -42.000000
13.199773 49.262218 -45.000000
13.199773 49.262218 -42.000000
0.000000 51.000000 -45.000000
0.000000 51.000000 -42.000000
-13.199771 49.262218 -45.000000
-13.199771 49.262218 -42.000000
-25.500002 44.167294 -45.000000
-25.500002 44.167294 -42.000000
-36.062447 36.062447 -45.000000
-36.062447 36.062447 -42.000000
-44.167294 25.500002 -45.000000
-44.167294 25.500002 -42.000000
-49.262215 13.199776 -45.000000
-49.262215 13.199776 -42.000000
-51.000000 0.000000 -45.000000
-51.000000 0.000000 -42.000000
-49.262218 -13.199773 -45.000000
-49.262218 -13.199773 -42.000000
-44.167297 -25.500000 -45.000000
-44.167297 -25.500000 -42.000000
-36.062447 -36.062443 -45.000000
-36.062447 -36.062443 -42.000000
-25.499994 -44.167297 -45.000000
-25.499994 -44.167297 -42.000000
-13.199768 -49.262218 -45.000000
-13.199768 -49.262218 -42.000000
0.000000 -51.000000 -45.000000
0.000000 -51.000000 -42.000000
13.199769 -49.262218 -45.000000
13.199769 -49.262218 -42.000000
25.499996 -44.167297 -45.000000
25.499996 -44.167297 -42.000000
36.062439 -36.062450 -45.000000
36.062439 -36.062450 -42.000000
44.167290 -25.500010 -45.000000
44.167290 -25.500010 -42.000000
49.262218 -13.199760 -45.000000
49.262218 -13.199760 -42.000000
0
25
4 0 1 2 3
4 3 2 4 5
4 5 4 6 7
4 7 6 8 9
4 9 8 10 11
4 11 10 12 13
4 13 12 14 15
4 15 14 16 17
4 17 16 18 19
4 19 18 20 21
4 21 20 22 23
4 23 22 24 25
4 25 24 26 27
4 27 26 28 29
4 29 28 30 31
4 31 30 32 33
4 33 32 34 35
4 35 34 36 37
4 37 36 38 39
4 39 38 40 41
4 41 40 42 43
4 43 42 44 45
4 45 44 46 47
4 47 46 1 0
24 1 46 44 42 40 38 36 34 32 30 28 26 24 22 20 18
   16 14 12 10 8 6 4 2
0
0
-2
52
-13.199771 49.262218 42.000000
56.000000 -68.000000 42.000000
56.000000 -68.000000 -42.000000
-13.199768 -49.262218 42.000000
49.262218 -13.199760 -23.000000
49.262218 -13.199760 -42.000000
44.167290 -25.500010 -23.000000
44.167290 -25.500010 -42.000000
36.062439 -36.062450 -23.000000
36.062439 -36.062450 -42.000000
25.499996 -44.167297 -23.000000
25.499996 -44.167297 -42.000000
13.199769 -49.262218 -23.000000
13.199769 -49.262218 -42.000000
0.000000 -51.000000 -23.000000
0.000000 -51.000000 -42.000000
-13.199768 -49.262218 -23.000000
-13.199768 -49.262218 -42.000000
-25.499994 -44.167297 -23.000000
-25.499994 -44.167297 -42.000000
-36.062447 -36.062443 -23.000000
-36.062447 -36.062443 -42.000000
-44.167297 -25.500000 -23.000000
-44.167297 -25.500000 -42.000000
-49.262218 -13.199773 -23.000000
-49.262218 -13.199773 -42.000000
-51.000000 0.000000 -23.000000
-51.000000 0.000000 -42.000000
-49.262215 13.199776 -23.000000
-49.262215 13.199776 -42.000000
-44.167294 25.500002 -23.000000
-44.167294 25.500002 -42.000000
-36.062447 36.062447 -23.000000
-36.062447 36.062447 -42.000000
-25.500002 44.167294 -23.000000
-25.500002 44.167294 -42.000000
-13.199771 49.262218 -23.000000
-13.199771 49.262218 -42.000000
0.000000 51.000000 -23.000000
0.000000 51.000000 -42.000000
13.199773 49.262218 -23.000000
13.199773 49.262218 -42.000000
25.499998 44.167297 -23.000000
25.499998 44.167297 -42.000000
36.062447 36.062447 -23.000000
36.062447 36.062447 -42.000000
44.167294 25.500000 -23.000000
44.167294 25.500000 -42.000000
51.000000 0.000000 -23.000000
49.262218 13.199772 -23.000000
49.262218 13.199772 -42.000000
51.000000 0.000000 -42.000000
0
27
4 51 50 49 48
4 50 47 46 49
4 47 45 44 46
4 45 43 42 44
4 43 41 40 42
4 41 39 38 40
4 39 37 36 38
4 37 35 34 36
4 35 33 32 34
4 33 31 30 32
4 31 29 28 30
4 29 27 26 28
4 27 25 24 26
4 25 23 22 24
4 23 21 20 22
4 21 19 18 20
4 19 17 16 18
4 17 15 14 16
4 15 13 12 14
4 13 11 10 12
4 11 9 8 10
4 9 7 6 8
4 7 5 4 6
4 5 51 48 4
24 48 49 46 44 42 40 38 36 34 32 30 28 26 24 22 20
   18 16 14 12 10 8 6 4
4 3 17 2 1
4 17 3 0 37
0
0
-2
54
-13.199771 49.262218 -42.000000
56.000000 68.000000 -42.000000
56.000000 68.000000 42.000000
56.000000 -68.000000 42.000000
-13.199768 -49.262218 -42.000000
56.000000 -68.000000 -42.000000
49.262218 -13.199760 42.000000
49.262218 -13.199760 23.000000
44.167290 -25.500010 42.000000
44.167290 -25.500010 23.000000
36.062439 -36.062450 42.000000
36.062439 -36.062450 23.000000
25.499996 -44.167297 42.000000
25.499996 -44.167297 23.000000
13.199769 -49.262218 42.000000
13.199769 -49.262218 23.000000
0.000000 -51.000000 42.000000
0.000000 -51.000000 23.000000
-13.199768 -49.262218 42.000000
-13.199768 -49.262218 23.000000
-25.499994 -44.167297 42.000000
-25.499994 -44.167297 23.000000
-36.062447 -36.062443 42.000000
-36.062447 -36.062443 23.000000
-44.167297 -25.500000 42.000000
-44.167297 -25.500000 23.000000
-49.262218 -13.199773 42.000000
-49.262218 -13.199773 23.000000
-51.000000 0.000000 42.000000
-51.000000 0.000000 23.000000
-49.262215 13.199776 42.000000
-49.262215 13.199776 23.000000
-44.167294 25.500002 42.000000
-44.167294 25.500002 23.000000
-36.062447 36.062447 42.000000
-36.062447 36.062447 23.000000
-25.500002 44.167294 42.000000
-25.500002 44.167294 23.000000
-13.199771 49.262218 42.000000
-13.199771 49.262218 23.000000
0.000000 51.000000 42.000000
0.000000 51.000000 23.000000
13.199773 49.262218 42.000000
13.199773 49.262218 23.000000
25.499998 44.167297 42.000000
25.499998 44.167297 23.000000
36.062447 36.062447 42.000000
36.062447 36.062447 23.000000
44.167294 25.500000 42.000000
44.167294 25.500000 23.000000
49.262218 13.199772 42.000000
49.262218 13.199772 23.000000
51.000000 0.000000 23.000000
51.000000 0.000000 42.000000
0
28
4 53 52 51 50
4 50 51 49 48
4 48 49 47 46
4 46 47 45 44
4 44 45 43 42
4 42 43 41 40
4 40 41 39 38
4 38 39 37 36
4 36 37 35 34
4 34 35 33 32
4 32 33 31 30
4 30 31 29 28
4 28 29 27 26
4 26 27 25 24
4 24 25 23 22
4 22 23 21 20
4 20 21 19 18
4 18 19 17 16
4 16 17 15 14
4 14 15 13 12
4 12 13 11 10
4 10 11 9 8
4 8 9 7 6
4 6 7 52 53
24 52 7 9 11 13 15 17 19 21 23 25 27 29 31 33 35
   37 39 41 43 45 47 49 51
4 2 1 0 38
4 0 1 5 4
4 18 3 2 38
0
0
-2
48
120.000038 -290.000031 -70.000000
120.000038 -299.500031 -70.000000
101.882721 -290.000031 -67.614807
101.882721 -299.500031 -67.614807
85.000031 -290.000031 -60.621765
85.000031 -299.500031 -60.621765
70.502556 -290.000031 -49.497467
70.502556 -299.500031 -49.497467
59.378258 -290.000031 -35.000000
59.378258 -299.500031 -35.000000
52.385231 -290.000031 -18.117340
52.385231 -299.500031 -18.117340
50.000038 -290.000031 0.000000
50.000038 -299.500031 0.000000
52.385231 -290.000031 18.117310
52.385231 -299.500031 18.117310
59.378254 -290.000031 35.000000
59.378254 -299.500031 35.000000
70.502563 -290.000031 49.497498
70.502563 -299.500031 49.497498
85.000038 -290.000031 60.621765
85.000038 -299.500031 60.621765
101.882706 -290.000031 67.614807
101.882706 -299.500031 67.614807
120.000038 -290.000031 70.000000
120.000038 -299.500031 70.000000
138.117371 -290.000031 67.614807
138.117371 -299.500031 67.614807
155.000046 -290.000031 60.621765
155.000046 -299.500031 60.621765
169.497513 -290.000031 49.497498
169.497513 -299.500031 49.497498
180.621811 -290.000031 35.000000
180.621811 -299.500031 35.000000
187.614838 -290.000031 18.117310
187.614838 -299.500031 18.117310
190.000031 -290.000031 0.000000
190.000031 -299.500031 0.000000
187.614838 -290.000031 -18.117340
187.614838 -299.500031 -18.117340
180.621826 -290.000031 -35.000000
180.621826 -299.500031 -35.000000
169.497513 -290.000031 -49.497467
169.497513 -299.500031 -49.497467
155.000031 -290.000031 -60.621765
155.000031 -299.500031 -60.621765
138.117371 -290.000031 -67.614807
138.117371 -299.500031 -67.614807
0
26
4 0 46 47 1
4 46 44 45 47
4 44 42 43 45
4 42 40 41 43
4 40 38 39 41
4 38 36 37 39
4 36 34 35 37
4 34 32 33 35
4 32 30 31 33
4 30 28 29 31
4 28 26 27 29
4 26 24 25 27
4 24 22 23 25
4 22 20 21 23
4 20 18 19 21
4 18 16 17 19
4 16 14 15 17
4 14 12 13 15
4 12 10 11 13
4 10 8 9 11
4 8 6 7 9
4 6 4 5 7
4 4 2 3 5
4 2 0 1 3
24 0 2 4 6 8 10 12 14 16 18 20 22 24 26 28 30
   32 34 36 38 40 42 44 46
24 1 47 45 43 41 39 37 35 33 31 29 27 25 23 21 19
   17 15 13 11 9 7 5 3
0
0
