11
2
1.000000 0.000000 0.000000
0.000000 1.000000 0.000000
0.000000 0.000000 1.000000
0.000000 0.000000 -32.000000
1.000000 0.000000 0.000000
0.000000 1.000000 0.000000
0.000000 0.000000 1.000000
620.000000 0.000000 0.000000
0
0
6
-2
48
633.199768 -49.262218 -47.000000
633.199768 -49.262218 -78.000000
645.500000 -44.167294 -47.000000
645.500000 -44.167294 -78.000000
656.062439 -36.062447 -47.000000
656.062439 -36.062447 -78.000000
664.167297 -25.499998 -47.000000
664.167297 -25.499998 -78.000000
669.262207 -13.199773 -47.000000
669.262207 -13.199773 -78.000000
671.000000 0.000000 -47.000000
671.000000 0.000000 -78.000000
669.262207 13.199771 -47.000000
669.262207 13.199771 -78.000000
664.167297 25.500002 -47.000000
664.167297 25.500002 -78.000000
656.062439 36.062447 -47.000000
656.062439 36.062447 -78.000000
645.500000 44.167294 -47.000000
645.500000 44.167294 -78.000000
633.199768 49.262215 -47.000000
633.199768 49.262215 -78.000000
620.000000 51.000000 -47.000000
620.000000 51.000000 -78.000000
606.800232 49.262218 -47.000000
606.800232 49.262218 -78.000000
594.500000 44.167297 -47.000000
594.500000 44.167297 -78.000000
583.937561 36.062447 -47.000000
583.937561 36.062447 -78.000000
575.832703 25.499994 -47.000000
575.832703 25.499994 -78.000000
570.737793 13.199768 -47.000000
570.737793 13.199768 -78.000000
569.000000 0.000000 -47.000000
569.000000 0.000000 -78.000000
570.737793 -13.199769 -47.000000
570.737793 -13.199769 -78.000000
575.832703 -25.499996 -47.000000
575.832703 -25.499996 -78.000000
583.937561 -36.062439 -47.000000
583.937561 -36.062439 -78.000000
594.500000 -44.167290 -47.000000
594.500000 -44.167290 -78.000000
606.800232 -49.262218 -47.000000
606.800232 -49.262218 -78.000000
620.000000 -51.000000 -47.000000
620.000000 -51.000000 -78.000000
0
26
4 47 1 0 46
4 1 3 2 0
4 3 5 4 2
4 5 7 6 4
4 7 9 8 6
4 9 11 10 8
4 11 13 12 10
4 13 15 14 12
4 15 17 16 14
4 17 19 18 16
4 19 21 20 18
4 21 23 22 20
4 23 25 24 22
4 25 27 26 24
4 27 29 28 26
4 29 31 30 28
4 31 33 32 30
4 33 35 34 32
4 35 37 36 34
4 37 39 38 36
4 39 41 40 38
4 41 43 42 40
4 43 45 44 42
4 45 47 46 44
24 47 45 43 41 39 37 35 33 31 29 27 25 23 21 19 17
   15 13 11 9 7 5 3 1
24 46 0 2 4 6 8 10 12 14 16 18 20 22 24 26 28
   30 32 34 36 38 40 42 44
0
0
-2
48
633.199768 -49.262218 45.000000
633.199768 -49.262218 76.000000
645.500000 -44.167294 45.000000
645.500000 -44.167294 76.000000
656.062439 -36.062447 45.000000
656.062439 -36.062447 76.000000
664.167297 -25.499998 45.000000
664.167297 -25.499998 76.000000
669.262207 -13.199773 45.000000
669.262207 -13.199773 76.000000
671.000000 0.000000 45.000000
671.000000 0.000000 76.000000
669.262207 13.199771 45.000000
669.262207 13.199771 76.000000
664.167297 25.500002 45.000000
664.167297 25.500002 76.000000
656.062439 36.062447 45.000000
656.062439 36.062447 76.000000
645.500000 44.167294 45.000000
645.500000 44.167294 76.000000
633.199768 49.262215 45.000000
633.199768 49.262215 76.000000
620.000000 51.000000 45.000000
620.000000 51.000000 76.000000
606.800232 49.262218 45.000000
606.800232 49.262218 76.000000
594.500000 44.167297 45.000000
594.500000 44.167297 76.000000
583.937561 36.062447 45.000000
583.937561 36.062447 76.000000
575.832703 25.499994 45.000000
575.832703 25.499994 76.000000
570.737793 13.199768 45.000000
570.737793 13.199768 76.000000
569.000000 0.000000 45.000000
569.000000 0.000000 76.000000
570.737793 -13.199769 45.000000
570.737793 -13.199769 76.000000
575.832703 -25.499996 45.000000
575.832703 -25.499996 76.000000
583.937561 -36.062439 45.000000
583.937561 -36.062439 76.000000
594.500000 -44.167290 45.000000
594.500000 -44.167290 76.000000
606.800232 -49.262218 45.000000
606.800232 -49.262218 76.000000
620.000000 -51.000000 45.000000
620.000000 -51.000000 76.000000
0
26
4 47 46 0 1
4 1 0 2 3
4 3 2 4 5
4 5 4 6 7
4 7 6 8 9
4 9 8 10 11
4 11 10 12 13
4 13 12 14 15
4 15 14 16 17
4 17 16 18 19
4 19 18 20 21
4 21 20 22 23
4 23 22 24 25
4 25 24 26 27
4 27 26 28 29
4 29 28 30 31
4 31 30 32 33
4 33 32 34 35
4 35 34 36 37
4 37 36 38 39
4 39 38 40 41
4 41 40 42 43
4 43 42 44 45
4 45 44 46 47
24 47 1 3 5 7 9 11 13 15 17 19 21 23 25 27 29
   31 33 35 37 39 41 43 45
24 46 44 42 40 38 36 34 32 30 28 26 24 22 20 18 16
   14 12 10 8 6 4 2 0
0
0
6
48
570.737793 13.199773 -79.000000
570.737793 13.199773 -78.000000
575.832703 25.500000 -79.000000
575.832703 25.500000 -78.000000
583.937561 36.062447 -79.000000
583.937561 36.062447 -78.000000
594.500000 44.167297 -79.000000
594.500000 44.167297 -78.000000
606.800232 49.262218 -79.000000
606.800232 49.262218 -78.000000
620.000000 51.000000 -79.000000
620.000000 51.000000 -78.000000
633.199768 49.262218 -79.000000
633.199768 49.262218 -78.000000
645.500000 44.167294 -79.000000
645.500000 44.167294 -78.000000
656.062439 36.062447 -79.000000
656.062439 36.062447 -78.000000
664.167297 25.500002 -79.000000
664.167297 25.500002 -78.000000
669.262207 13.199777 -79.000000
669.262207 13.199777 -78.000000
671.000000 0.000000 -79.000000
671.000000 0.000000 -78.000000
669.262207 -13.199772 -79.000000
669.262207 -13.199772 -78.000000
664.167297 -25.500000 -79.000000
664.167297 -25.500000 -78.000000
656.062439 -36.062443 -79.000000
656.062439 -36.062443 -78.000000
645.500000 -44.167297 -79.000000
645.500000 -44.167297 -78.000000
633.199768 -49.262218 -79.000000
633.199768 -49.262218 -78.000000
620.000000 -51.000000 -79.000000
620.000000 -51.000000 -78.000000
606.800232 -49.262218 -79.000000
606.800232 -49.262218 -78.000000
594.500000 -44.167297 -79.000000
594.500000 -44.167297 -78.000000
583.937561 -36.062450 -79.000000
583.937561 -36.062450 -78.000000
575.832703 -25.500010 -79.000000
575.832703 -25.500010 -78.000000
570.737793 -13.199759 -79.000000
570.737793 -13.199759 -78.000000
569.000000 0.000000 -79.000000
569.000000 0.000000 -78.000000
0
26
4 47 1 0 46
4 1 3 2 0
4 3 5 4 2
4 5 7 6 4
4 7 9 8 6
4 9 11 10 8
4 11 13 12 10
4 13 15 14 12
4 15 17 16 14
4 17 19 18 16
4 19 21 20 18
4 21 23 22 20
4 23 25 24 22
4 25 27 26 24
4 27 29 28 26
4 29 31 30 28
4 31 33 32 30
4 33 35 34 32
4 35 37 36 34
4 37 39 38 36
4 39 41 40 38
4 41 43 42 40
4 43 45 44 42
4 45 47 46 44
24 47 45 43 41 39 37 35 33 31 29 27 25 23 21 19 17
   15 13 11 9 7 5 3 1
24 46 0 2 4 6 8 10 12 14 16 18 20 22 24 26 28
   30 32 34 36 38 40 42 44
0
0
6
48
669.262268 13.199773 76.999992
669.262268 13.199773 75.999992
664.167358 25.500000 76.999992
664.167358 25.500000 75.999992
656.062500 36.062447 76.999992
656.062500 36.062447 75.999992
645.500061 44.167297 76.999992
645.500061 44.167297 75.999992
633.199829 49.262218 76.999992
633.199829 49.262218 75.999992
620.000061 51.000000 76.999992
620.000061 51.000000 75.999992
606.800293 49.262218 76.999992
606.800293 49.262218 75.999992
594.500061 44.167294 76.999992
594.500061 44.167294 75.999992
583.937622 36.062447 76.999992
583.937622 36.062447 75.999992
575.832764 25.500002 76.999992
575.832764 25.500002 75.999992
570.737854 13.199777 76.999992
570.737854 13.199777 75.999992
569.000061 0.000000 76.999992
569.000061 0.000000 75.999992
570.737854 -13.199772 76.999992
570.737854 -13.199772 75.999992
575.832764 -25.500000 76.999992
575.832764 -25.500000 75.999992
583.937622 -36.062443 76.999992
583.937622 -36.062443 75.999992
594.500061 -44.167297 76.999992
594.500061 -44.167297 75.999992
606.800293 -49.262218 76.999992
606.800293 -49.262218 75.999992
620.000061 -51.000000 76.999992
620.000061 -51.000000 75.999992
633.199829 -49.262218 76.999992
633.199829 -49.262218 75.999992
645.500061 -44.167297 76.999992
645.500061 -44.167297 75.999992
656.062500 -36.062450 76.999992
656.062500 -36.062450 75.999992
664.167358 -25.500010 76.999992
664.167358 -25.500010 75.999992
669.262268 -13.199759 76.999992
669.262268 -13.199759 75.999992
671.000061 0.000000 76.999992
671.000061 0.000000 75.999992
0
26
4 47 1 0 46
4 1 3 2 0
4 3 5 4 2
4 5 7 6 4
4 7 9 8 6
4 9 11 10 8
4 11 13 12 10
4 13 15 14 12
4 15 17 16 14
4 17 19 18 16
4 19 21 20 18
4 21 23 22 20
4 23 25 24 22
4 25 27 26 24
4 27 29 28 26
4 29 31 30 28
4 31 33 32 30
4 33 35 34 32
4 35 37 36 34
4 37 39 38 36
4 39 41 40 38
4 41 43 42 40
4 43 45 44 42
4 45 47 46 44
24 47 45 43 41 39 37 35 33 31 29 27 25 23 21 19 17
   15 13 11 9 7 5 3 1
24 46 0 2 4 6 8 10 12 14 16 18 20 22 24 26 28
   30 32 34 36 38 40 42 44
0
0
-2
84
-49.999989 -86.602547 -90.000000
-25.881899 -96.592583 -90.000000
-25.881899 -96.592583 90.000000
-49.999989 -86.602547 90.000000
0.000000 -100.000000 -90.000000
0.000000 -100.000000 90.000000
25.881901 -96.592583 -90.000000
25.881901 -96.592583 90.000000
49.999992 -86.602547 -90.000000
49.999992 -86.602547 90.000000
70.710670 -70.710686 -90.000000
70.710670 -70.710686 90.000000
96.592590 -25.881882 -90.000000
100.000000 0.000000 -90.000000
100.000000 0.000000 90.000000
96.592590 -25.881882 90.000000
86.602531 -50.000015 -90.000000
-70.710686 -70.710670 -90.000000
-86.602539 -50.000000 -90.000000
-96.592583 -25.881908 -90.000000
-100.000000 0.000000 -90.000000
-96.592583 25.881914 -90.000000
-86.602539 50.000004 -90.000000
-70.710678 70.710678 -90.000000
-50.000004 86.602539 -90.000000
-25.881905 96.592583 -90.000000
0.000000 100.000000 -90.000000
25.881907 96.592583 -90.000000
49.999996 86.602539 -90.000000
70.710678 70.710678 -90.000000
86.602539 50.000000 -90.000000
96.592583 25.881905 -90.000000
96.592583 25.881905 90.000000
86.602539 50.000000 90.000000
70.710678 70.710678 90.000000
49.999996 86.602539 90.000000
25.881907 96.592583 90.000000
0.000000 100.000000 90.000000
-25.881905 96.592583 90.000000
-50.000004 86.602539 90.000000
-70.710678 70.710678 90.000000
-86.602539 50.000004 90.000000
-96.592583 25.881914 90.000000
-100.000000 0.000000 90.000000
-96.592583 -25.881908 90.000000
-86.602539 -50.000000 90.000000
-70.710686 -70.710670 90.000000
86.602531 -50.000015 90.000000
96.592583 25.881905 -31.999998
86.602539 50.000000 -31.999998
70.710678 70.710678 -31.999998
70.710678 70.710678 11.999999
49.999996 86.602539 11.999999
90.000000 41.797806 -31.999998
90.000000 41.797806 90.000000
49.999996 86.602539 -31.999998
25.881907 96.592583 -31.999998
25.881907 96.592583 11.999999
0.000000 100.000000 11.999999
0.000000 100.000000 -31.999998
-25.881905 96.592583 -31.999998
-25.881905 96.592583 11.999999
-50.000004 86.602539 11.999999
-50.000004 86.602539 -31.999998
-70.710678 70.710678 -31.999998
-70.710678 70.710678 11.999999
-86.602539 50.000004 11.999999
-86.602539 50.000004 -31.999998
-96.592583 25.881914 -31.999998
-96.592583 25.881914 11.999999
-100.000000 0.000000 11.999999
-100.000000 0.000000 -31.999998
-96.592583 -25.881908 -31.999998
-96.592583 -25.881908 11.999999
-86.602539 -50.000000 11.999999
-86.602539 -50.000000 -31.999998
86.602531 -50.000015 11.999999
96.592590 -25.881882 11.999999
90.000000 -41.797802 11.999999
90.000000 -41.797802 -90.000000
86.602539 50.000000 12.000000
90.000000 41.797806 12.000000
90.000000 -41.797802 -31.999998
86.602531 -50.000015 -32.000000
0
46
4 0 1 2 3
4 1 4 5 2
4 4 6 7 5
4 6 8 9 7
4 8 10 11 9
4 12 13 14 15
24 13 12 16 10 8 6 4 1 0 17 18 19 20 21 22 23
   24 25 26 27 28 29 30 31
24 14 32 33 34 35 36 37 38 39 40 41 42 43 44 45 46
   3 2 5 7 9 11 47 15
4 48 31 30 49
4 49 30 29 50
4 51 52 35 34
4 48 53 54 32
4 55 28 27 56
4 57 58 37 36
4 59 26 25 60
4 61 62 39 38
4 63 24 23 64
4 65 66 41 40
4 67 22 21 68
4 69 70 43 42
4 71 20 19 72
4 73 74 45 44
4 76 77 15 47
4 78 79 12 77
4 80 51 34 33
4 81 80 33 54
4 50 29 28 55
4 52 57 36 35
4 56 27 26 59
4 58 61 38 37
4 60 25 24 63
4 62 65 40 39
4 64 23 22 67
4 66 69 42 41
4 68 21 20 71
4 70 73 44 43
4 72 19 18 75
4 82 83 16 79
4 82 78 81 53
4 75 74 76 83
16 83 82 53 49 50 55 56 59 60 63 64 67 68 71 72 75
16 61 58 57 52 51 80 81 78 76 74 73 70 69 66 65 62
4 13 31 32 14
4 17 0 3 46
4 18 17 46 45
4 47 11 10 16
0
0
-2
30
0.000000 -100.000000 87.500000
620.000000 -51.000000 67.000000
620.000000 51.000000 67.000000
0.000000 90.000000 87.500000
0.000000 90.000000 -87.500000
620.000000 51.000000 -67.000000
620.000000 -51.000000 -67.000000
0.000000 -100.000000 -87.500000
0.000000 -100.000000 50.000000
0.000000 -100.000000 -49.999996
560.000000 -55.741936 -50.000004
560.000000 -55.741936 50.000000
560.000000 54.774193 -50.000000
560.000000 54.774193 50.000000
620.000000 -51.000000 -50.000000
620.000000 -51.000000 50.000000
620.000000 51.000000 50.000000
620.000000 51.000000 -50.000000
-100.000000 -50.000000 -32.000000
90.000000 -50.000000 -32.000000
90.000000 -50.000000 12.000000
-100.000000 -50.000000 12.000000
90.000000 84.338707 -32.000000
90.000000 84.338707 12.000000
560.000000 54.774193 -68.983871
0.000000 90.000000 49.999996
89.999992 84.338707 -84.524193
0.000000 90.000000 -32.000000
90.000000 84.338707 49.999996
0.000000 90.000000 12.000000
0
15
4 0 1 2 3
4 4 5 6 7
4 8 9 10 11
4 12 13 11 10
4 9 7 6 14
4 15 1 0 8
4 16 15 11 13
4 12 10 14 17
4 18 21 20 19
4 19 20 23 22
4 12 17 5 24
4 25 3 2 16
4 22 26 4 27
4 23 29 25 28
4 28 13 24 26
0
0
