11
1
1.000000 0.000000 0.000000
0.000000 0.000000 -1.000000
0.000000 1.000000 0.000000
0.000000 0.000000 0.000000
0
0
17
-2
12
22.999989 70.000000 -111.000008
-23.000011 70.000000 -110.999992
-23.000011 0.000000 -110.999992
22.999989 0.000000 -111.000008
-46.000008 0.000000 -97.999992
-46.000008 70.000000 -97.999992
45.999992 70.000000 -98.000008
45.999992 0.000000 -98.000008
45.999992 70.000000 -95.000008
-46.000008 70.000000 -94.999992
-46.000008 0.000000 -94.999992
45.999992 0.000000 -95.000008
0
10
4 11 8 9 10
4 7 6 5 4
4 8 11 7 6
4 9 8 6 5
4 10 9 5 4
4 11 10 4 7
4 7 3 0 6
4 6 0 1 5
4 5 1 2 4
4 4 2 3 7
0
0
-2
26
-46.000000 0.000000 -94.999992
-46.000000 0.000000 -98.000000
-44.432590 -11.905666 -94.999992
-44.432590 -11.905666 -98.000000
-39.837166 -23.000008 -95.000000
-39.837166 -23.000008 -98.000000
-32.526909 -32.526917 -95.000000
-32.526909 -32.526917 -98.000000
-22.999996 -39.837170 -95.000000
-22.999996 -39.837170 -98.000000
-11.905674 -44.432587 -95.000000
-11.905674 -44.432587 -98.000000
0.000000 -46.000000 -95.000000
0.000000 -46.000000 -98.000000
11.905673 -44.432590 -95.000000
11.905673 -44.432590 -98.000000
22.999996 -39.837170 -95.000000
22.999996 -39.837170 -98.000000
32.526913 -32.526909 -95.000000
32.526913 -32.526909 -98.000000
39.837170 -23.000000 -95.000000
39.837170 -23.000000 -98.000000
44.432587 -11.905678 -95.000008
44.432587 -11.905678 -98.000000
46.000000 0.000000 -95.000008
46.000000 0.000000 -98.000000
0
15
4 0 24 25 1
4 24 22 23 25
4 22 20 21 23
4 20 18 19 21
4 18 16 17 19
4 16 14 15 17
4 14 12 13 15
4 12 10 11 13
4 10 8 9 11
4 8 6 7 9
4 6 4 5 7
4 4 2 3 5
4 2 0 1 3
13 0 2 4 6 8 10 12 14 16 18 20 22 24
13 1 25 23 21 19 17 15 13 11 9 7 5 3
0
0
-2
26
-46.000000 0.000000 -98.000000
-23.000000 0.000000 -111.000000
-44.432590 -11.905666 -98.000000
-22.216295 -5.952833 -111.000000
-39.837166 -23.000008 -98.000000
-19.918583 -11.500004 -111.000000
-32.526909 -32.526917 -98.000000
-16.263454 -16.263458 -111.000000
-22.999996 -39.837170 -98.000000
-11.499998 -19.918585 -111.000000
-11.905674 -44.432587 -98.000000
-5.952837 -22.216293 -111.000000
0.000000 -46.000000 -98.000000
0.000000 -23.000000 -111.000000
11.905673 -44.432590 -98.000000
5.952837 -22.216295 -111.000000
22.999996 -39.837170 -98.000000
11.499998 -19.918585 -111.000000
32.526913 -32.526909 -98.000000
16.263456 -16.263454 -111.000000
39.837170 -23.000000 -98.000000
19.918585 -11.500000 -111.000000
44.432587 -11.905678 -98.000000
22.216293 -5.952839 -111.000000
46.000000 0.000000 -98.000000
23.000000 0.000000 -111.000000
0
15
4 0 24 25 1
4 24 22 23 25
4 22 20 21 23
4 20 18 19 21
4 18 16 17 19
4 16 14 15 17
4 14 12 13 15
4 12 10 11 13
4 10 8 9 11
4 8 6 7 9
4 6 4 5 7
4 4 2 3 5
4 2 0 1 3
13 0 2 4 6 8 10 12 14 16 18 20 22 24
13 1 25 23 21 19 17 15 13 11 9 7 5 3
0
0
-2
26
46.000000 69.999992 -95.000008
46.000000 69.999992 -98.000000
44.432587 81.905678 -95.000008
44.432587 81.905678 -98.000000
39.837166 93.000000 -95.000000
39.837166 93.000000 -98.000000
32.526913 102.526909 -95.000000
32.526913 102.526909 -98.000000
23.000002 109.837166 -95.000000
23.000002 109.837166 -98.000000
11.905676 114.432587 -95.000000
11.905676 114.432587 -98.000000
0.000000 116.000000 -95.000000
0.000000 116.000000 -98.000000
-11.905677 114.432587 -95.000000
-11.905677 114.432587 -98.000000
-22.999998 109.837166 -95.000000
-22.999998 109.837166 -98.000000
-32.526913 102.526909 -95.000000
-32.526913 102.526909 -98.000000
-39.837170 93.000000 -95.000000
-39.837170 93.000000 -98.000000
-44.432587 81.905678 -94.999992
-44.432587 81.905678 -98.000000
-46.000000 70.000000 -94.999992
-46.000000 70.000000 -98.000000
0
15
4 0 24 25 1
4 24 22 23 25
4 22 20 21 23
4 20 18 19 21
4 18 16 17 19
4 16 14 15 17
4 14 12 13 15
4 12 10 11 13
4 10 8 9 11
4 8 6 7 9
4 6 4 5 7
4 4 2 3 5
4 2 0 1 3
13 0 2 4 6 8 10 12 14 16 18 20 22 24
13 1 25 23 21 19 17 15 13 11 9 7 5 3
0
0
-2
26
46.000000 69.999992 -98.000000
23.000000 70.000000 -111.000000
44.432587 81.905678 -98.000000
22.216293 75.952843 -111.000000
39.837166 93.000000 -98.000000
19.918583 81.500000 -111.000000
32.526913 102.526909 -98.000000
16.263456 86.263458 -111.000000
23.000002 109.837166 -98.000000
11.500001 89.918587 -111.000000
11.905676 114.432587 -98.000000
5.952838 92.216293 -111.000000
0.000000 116.000000 -98.000000
0.000000 93.000000 -111.000000
-11.905677 114.432587 -98.000000
-5.952838 92.216293 -111.000000
-22.999998 109.837166 -98.000000
-11.499999 89.918587 -111.000000
-32.526913 102.526909 -98.000000
-16.263456 86.263458 -111.000000
-39.837170 93.000000 -98.000000
-19.918585 81.500000 -111.000000
-44.432587 81.905678 -98.000000
-22.216293 75.952835 -111.000000
-46.000000 70.000000 -98.000000
-23.000000 70.000000 -111.000000
0
15
4 0 24 25 1
4 24 22 23 25
4 22 20 21 23
4 20 18 19 21
4 18 16 17 19
4 16 14 15 17
4 14 12 13 15
4 12 10 11 13
4 10 8 9 11
4 8 6 7 9
4 6 4 5 7
4 4 2 3 5
4 2 0 1 3
13 0 2 4 6 8 10 12 14 16 18 20 22 24
13 1 25 23 21 19 17 15 13 11 9 7 5 3
0
0
-2
4
22.999989 70.000000 -111.000008
-23.000011 70.000000 -110.999992
-23.000011 0.000000 -110.999992
22.999989 0.000000 -111.000008
0
1
4 3 2 1 0
0
0
-2
8
46.000000 70.000000 0.000000
46.000000 110.000000 0.000000
-46.000000 110.000000 0.000000
-46.000000 70.000000 0.000000
-46.000000 110.000000 -80.000000
46.000000 110.000000 -80.000000
46.000000 70.000000 -80.000000
-46.000000 70.000000 -80.000000
0
6
4 7 4 5 6
4 3 0 1 2
4 4 7 3 2
4 5 4 2 1
4 6 5 1 0
4 7 6 0 3
0
0
-2
48
86.933327 23.293715 95.000000
86.933327 23.293715 60.500000
77.942284 45.000000 95.000000
77.942284 45.000000 60.500000
63.639610 63.639610 95.000000
63.639610 63.639610 60.500000
44.999996 77.942291 95.000000
44.999996 77.942291 60.500000
23.293716 86.933327 95.000000
23.293716 86.933327 60.500000
0.000000 90.000000 95.000000
0.000000 90.000000 60.500000
-23.293713 86.933327 95.000000
-23.293713 86.933327 60.500000
-45.000004 77.942284 95.000000
-45.000004 77.942284 60.500000
-63.639610 63.639610 95.000000
-63.639610 63.639610 60.500000
-77.942284 45.000004 95.000000
-77.942284 45.000004 60.500000
-86.933319 23.293722 95.000000
-86.933319 23.293722 60.500000
-90.000000 0.000000 95.000000
-90.000000 0.000000 60.500000
-86.933327 -23.293716 95.000000
-86.933327 -23.293716 60.500000
-77.942284 -45.000000 95.000000
-77.942284 -45.000000 60.500000
-63.639614 -63.639606 95.000000
-63.639614 -63.639606 60.500000
-44.999992 -77.942291 95.000000
-44.999992 -77.942291 60.500000
-23.293709 -86.933327 95.000000
-23.293709 -86.933327 60.500000
0.000000 -90.000000 95.000000
0.000000 -90.000000 60.500000
23.293711 -86.933327 95.000000
23.293711 -86.933327 60.500000
44.999992 -77.942291 95.000000
44.999992 -77.942291 60.500000
63.639603 -63.639618 95.000000
63.639603 -63.639618 60.500000
77.942276 -45.000015 95.000000
77.942276 -45.000015 60.500000
86.933327 -23.293694 95.000000
86.933327 -23.293694 60.500000
90.000000 0.000000 95.000000
90.000000 0.000000 60.500000
0
26
4 47 1 0 46
4 1 3 2 0
4 3 5 4 2
4 5 7 6 4
4 7 9 8 6
4 9 11 10 8
4 11 13 12 10
4 13 15 14 12
4 15 17 16 14
4 17 19 18 16
4 19 21 20 18
4 21 23 22 20
4 23 25 24 22
4 25 27 26 24
4 27 29 28 26
4 29 31 30 28
4 31 33 32 30
4 33 35 34 32
4 35 37 36 34
4 37 39 38 36
4 39 41 40 38
4 41 43 42 40
4 43 45 44 42
4 45 47 46 44
24 47 45 43 41 39 37 35 33 31 29 27 25 23 21 19 17
   15 13 11 9 7 5 3 1
24 46 0 2 4 6 8 10 12 14 16 18 20 22 24 26 28
   30 32 34 36 38 40 42 44
0
0
-2
8
-46.000000 0.000000 -95.000000
46.000000 0.000000 -95.000000
46.000000 70.000000 -95.000000
-46.000000 70.000000 -95.000000
-46.000000 0.000000 -69.500000
-46.000000 70.000000 -69.500000
46.000000 70.000000 -69.500000
46.000000 0.000000 -69.500000
0
6
4 0 3 2 1
4 4 7 6 5
4 3 0 4 5
4 2 3 5 6
4 1 2 6 7
4 0 1 7 4
0
0
-2
26
46.000000 0.000000 -95.000000
46.000000 0.000000 -69.500000
-46.000000 0.000000 -95.000000
-46.000000 0.000000 -69.500000
-44.432587 -11.905678 -95.000000
-44.432587 -11.905678 -69.500000
-39.837170 -23.000000 -95.000000
-39.837170 -23.000000 -69.500000
-32.526913 -32.526909 -95.000000
-32.526913 -32.526909 -69.500000
-22.999996 -39.837170 -95.000000
-22.999996 -39.837170 -69.500000
-11.905673 -44.432590 -95.000000
-11.905673 -44.432590 -69.500000
0.000000 -46.000000 -95.000000
0.000000 -46.000000 -69.500000
11.905674 -44.432587 -95.000000
11.905674 -44.432587 -69.500000
22.999996 -39.837170 -95.000000
22.999996 -39.837170 -69.500000
32.526909 -32.526917 -95.000000
32.526909 -32.526917 -69.500000
39.837166 -23.000008 -95.000000
39.837166 -23.000008 -69.500000
44.432590 -11.905666 -95.000000
44.432590 -11.905666 -69.500000
0
14
4 2 4 5 3
4 4 6 7 5
4 6 8 9 7
4 8 10 11 9
4 10 12 13 11
4 12 14 15 13
4 14 16 17 15
4 16 18 19 17
4 18 20 21 19
4 20 22 23 21
4 22 24 25 23
4 24 0 1 25
13 0 24 22 20 18 16 14 12 10 8 6 4 2
13 1 3 5 7 9 11 13 15 17 19 21 23 25
0
0
-2
26
46.000000 70.000000 -95.000000
44.432587 81.905678 -95.000000
44.432587 81.905678 -69.500000
46.000000 70.000000 -69.500000
39.837170 93.000000 -95.000000
39.837170 93.000000 -69.500000
32.526913 102.526917 -95.000000
32.526913 102.526917 -69.500000
22.999998 109.837173 -95.000000
22.999998 109.837173 -69.500000
11.905677 114.432587 -95.000000
11.905677 114.432587 -69.500000
0.000000 116.000000 -95.000000
0.000000 116.000000 -69.500000
-11.905676 114.432587 -95.000000
-11.905676 114.432587 -69.500000
-23.000002 109.837166 -95.000000
-23.000002 109.837166 -69.500000
-32.526913 102.526917 -95.000000
-32.526913 102.526917 -69.500000
-39.837166 93.000000 -95.000000
-39.837166 93.000000 -69.500000
-44.432587 81.905678 -95.000000
-44.432587 81.905678 -69.500000
-46.000000 70.000000 -95.000000
-46.000000 70.000000 -69.500000
0
14
4 0 1 2 3
4 1 4 5 2
4 4 6 7 5
4 6 8 9 7
4 8 10 11 9
4 10 12 13 11
4 12 14 15 13
4 14 16 17 15
4 16 18 19 17
4 18 20 21 19
4 20 22 23 21
4 22 24 25 23
13 0 24 22 20 18 16 14 12 10 8 6 4 1
13 3 2 5 7 9 11 13 15 17 19 21 23 25
0
0
-2
48
-80.000000 0.000000 60.500000
-80.000000 0.000000 56.000000
-77.274071 -20.705505 60.500000
-77.274071 -20.705505 56.000000
-69.282028 -40.000015 60.500000
-69.282028 -40.000015 56.000000
-56.568535 -56.568550 60.500000
-56.568535 -56.568550 56.000000
-39.999992 -69.282036 60.500000
-39.999992 -69.282036 56.000000
-20.705521 -77.274071 60.500000
-20.705521 -77.274071 56.000000
0.000000 -80.000000 60.500000
0.000000 -80.000000 56.000000
20.705519 -77.274071 60.500000
20.705519 -77.274071 56.000000
39.999992 -69.282036 60.500000
39.999992 -69.282036 56.000000
56.568546 -56.568539 60.500000
56.568546 -56.568539 56.000000
69.282036 -40.000000 60.500000
69.282036 -40.000000 56.000000
77.274063 -20.705526 60.500000
77.274063 -20.705526 56.000000
80.000000 0.000000 60.500000
80.000000 0.000000 56.000000
77.274063 20.705532 60.500000
77.274063 20.705532 56.000000
69.282028 40.000004 60.500000
69.282028 40.000004 56.000000
56.568542 56.568542 60.500000
56.568542 56.568542 56.000000
40.000004 69.282028 60.500000
40.000004 69.282028 56.000000
20.705523 77.274063 60.500000
20.705523 77.274063 56.000000
0.000000 80.000000 60.500000
0.000000 80.000000 56.000000
-20.705526 77.274063 60.500000
-20.705526 77.274063 56.000000
-39.999996 69.282036 60.500000
-39.999996 69.282036 56.000000
-56.568542 56.568542 60.500000
-56.568542 56.568542 56.000000
-69.282028 40.000000 60.500000
-69.282028 40.000000 56.000000
-77.274063 20.705524 60.500000
-77.274063 20.705524 56.000000
0
26
4 0 46 47 1
4 46 44 45 47
4 44 42 43 45
4 42 40 41 43
4 40 38 39 41
4 38 36 37 39
4 36 34 35 37
4 34 32 33 35
4 32 30 31 33
4 30 28 29 31
4 28 26 27 29
4 26 24 25 27
4 24 22 23 25
4 22 20 21 23
4 20 18 19 21
4 18 16 17 19
4 16 14 15 17
4 14 12 13 15
4 12 10 11 13
4 10 8 9 11
4 8 6 7 9
4 6 4 5 7
4 4 2 3 5
4 2 0 1 3
24 0 2 4 6 8 10 12 14 16 18 20 22 24 26 28 30
   32 34 36 38 40 42 44 46
24 1 47 45 43 41 39 37 35 33 31 29 27 25 23 21 19
   17 15 13 11 9 7 5 3
0
0
-2
48
35.000000 0.000000 -69.500000
35.000000 0.000000 -67.000000
33.807407 -9.058659 -69.500000
33.807407 -9.058659 -67.000000
30.310886 -17.500006 -69.500000
30.310886 -17.500006 -67.000000
24.748734 -24.748741 -69.500000
24.748734 -24.748741 -67.000000
17.499998 -30.310890 -69.500000
17.499998 -30.310890 -67.000000
9.058665 -33.807404 -69.500000
9.058665 -33.807404 -67.000000
0.000000 -35.000000 -69.500000
0.000000 -35.000000 -67.000000
-9.058664 -33.807404 -69.500000
-9.058664 -33.807404 -67.000000
-17.499996 -30.310892 -69.500000
-17.499996 -30.310892 -67.000000
-24.748739 -24.748735 -69.500000
-24.748739 -24.748735 -67.000000
-30.310890 -17.500000 -69.500000
-30.310890 -17.500000 -67.000000
-33.807404 -9.058668 -69.500000
-33.807404 -9.058668 -67.000000
-35.000000 0.000000 -69.500000
-35.000000 0.000000 -67.000000
-33.807404 9.058670 -69.500000
-33.807404 9.058670 -67.000000
-30.310888 17.500002 -69.500000
-30.310888 17.500002 -67.000000
-24.748737 24.748737 -69.500000
-24.748737 24.748737 -67.000000
-17.500002 30.310888 -69.500000
-17.500002 30.310888 -67.000000
-9.058666 33.807404 -69.500000
-9.058666 33.807404 -67.000000
0.000000 35.000000 -69.500000
0.000000 35.000000 -67.000000
9.058667 33.807404 -69.500000
9.058667 33.807404 -67.000000
17.500000 30.310890 -69.500000
17.500000 30.310890 -67.000000
24.748737 24.748737 -69.500000
24.748737 24.748737 -67.000000
30.310888 17.500000 -69.500000
30.310888 17.500000 -67.000000
33.807404 9.058667 -69.500000
33.807404 9.058667 -67.000000
0
26
4 0 46 47 1
4 46 44 45 47
4 44 42 43 45
4 42 40 41 43
4 40 38 39 41
4 38 36 37 39
4 36 34 35 37
4 34 32 33 35
4 32 30 31 33
4 30 28 29 31
4 28 26 27 29
4 26 24 25 27
4 24 22 23 25
4 22 20 21 23
4 20 18 19 21
4 18 16 17 19
4 16 14 15 17
4 14 12 13 15
4 12 10 11 13
4 10 8 9 11
4 8 6 7 9
4 6 4 5 7
4 4 2 3 5
4 2 0 1 3
24 0 2 4 6 8 10 12 14 16 18 20 22 24 26 28 30
   32 34 36 38 40 42 44 46
24 1 47 45 43 41 39 37 35 33 31 29 27 25 23 21 19
   17 15 13 11 9 7 5 3
0
0
-2
48
0.000000 95.000000 67.000000
0.000000 130.000000 67.000000
-17.340860 95.000000 64.717033
-17.340860 130.000000 64.717033
-33.500011 95.000000 58.023697
-33.500011 130.000000 58.023697
-47.376160 95.000000 47.376148
-47.376160 130.000000 47.376148
-58.023705 95.000000 33.499996
-58.023705 130.000000 33.499996
-64.717033 95.000000 17.340874
-64.717033 130.000000 17.340874
-67.000000 95.000000 0.000000
-67.000000 130.000000 0.000000
-64.717033 95.000000 -17.340872
-64.717033 130.000000 -17.340872
-58.023705 95.000000 -33.499992
-58.023705 130.000000 -33.499992
-47.376152 95.000000 -47.376156
-47.376152 130.000000 -47.376156
-33.500000 95.000000 -58.023705
-33.500000 130.000000 -58.023705
-17.340878 95.000000 -64.717033
-17.340878 130.000000 -64.717033
0.000000 95.000000 -67.000000
0.000000 130.000000 -67.000000
17.340883 95.000000 -64.717026
17.340883 130.000000 -64.717026
33.500004 95.000000 -58.023701
33.500004 130.000000 -58.023701
47.376156 95.000000 -47.376156
47.376156 130.000000 -47.376156
58.023701 95.000000 -33.500004
58.023701 130.000000 -33.500004
64.717033 95.000000 -17.340876
64.717033 130.000000 -17.340876
67.000000 95.000000 0.000000
67.000000 130.000000 0.000000
64.717033 95.000000 17.340878
64.717033 130.000000 17.340878
58.023705 95.000000 33.500000
58.023705 130.000000 33.500000
47.376156 95.000000 47.376152
47.376156 130.000000 47.376152
33.500000 95.000000 58.023701
33.500000 130.000000 58.023701
17.340876 95.000000 64.717033
17.340876 130.000000 64.717033
0
26
4 0 46 47 1
4 46 44 45 47
4 44 42 43 45
4 42 40 41 43
4 40 38 39 41
4 38 36 37 39
4 36 34 35 37
4 34 32 33 35
4 32 30 31 33
4 30 28 29 31
4 28 26 27 29
4 26 24 25 27
4 24 22 23 25
4 22 20 21 23
4 20 18 19 21
4 18 16 17 19
4 16 14 15 17
4 14 12 13 15
4 12 10 11 13
4 10 8 9 11
4 8 6 7 9
4 6 4 5 7
4 4 2 3 5
4 2 0 1 3
24 0 2 4 6 8 10 12 14 16 18 20 22 24 26 28 30
   32 34 36 38 40 42 44 46
24 1 47 45 43 41 39 37 35 33 31 29 27 25 23 21 19
   17 15 13 11 9 7 5 3
0
0
-2
48
0.000000 66.000000 65.000000
0.000000 124.000000 50.000000
-16.823223 66.000000 62.785183
-12.940941 124.000000 48.296295
-32.500011 66.000000 56.291645
-25.000008 124.000000 43.301266
-45.961948 66.000000 45.961933
-35.355343 124.000000 35.355335
-56.291653 66.000000 32.499996
-43.301273 124.000000 24.999996
-62.785179 66.000000 16.823235
-48.296291 124.000000 12.940950
-65.000000 66.000000 0.000000
-50.000000 124.000000 0.000000
-62.785179 66.000000 -16.823235
-48.296291 124.000000 -12.940949
-56.291656 66.000000 -32.499992
-43.301273 124.000000 -24.999994
-45.961937 66.000000 -45.961945
-35.355335 124.000000 -35.355343
-32.500000 66.000000 -56.291653
-25.000000 124.000000 -43.301270
-16.823240 66.000000 -62.785179
-12.940954 124.000000 -48.296291
0.000000 66.000000 -65.000000
0.000000 124.000000 -50.000000
16.823244 66.000000 -62.785175
12.940957 124.000000 -48.296291
32.500004 66.000000 -56.291649
25.000002 124.000000 -43.301270
45.961941 66.000000 -45.961941
35.355339 124.000000 -35.355339
56.291649 66.000000 -32.500004
43.301270 124.000000 -25.000002
62.785179 66.000000 -16.823236
48.296291 124.000000 -12.940952
65.000000 66.000000 0.000000
50.000000 124.000000 0.000000
62.785179 66.000000 16.823240
48.296291 124.000000 12.940953
56.291653 66.000000 32.500000
43.301270 124.000000 24.999998
45.961941 66.000000 45.961941
35.355339 124.000000 35.355339
32.500000 66.000000 56.291653
25.000000 124.000000 43.301270
16.823238 66.000000 62.785179
12.940952 124.000000 48.296291
0
26
4 0 46 47 1
4 46 44 45 47
4 44 42 43 45
4 42 40 41 43
4 40 38 39 41
4 38 36 37 39
4 36 34 35 37
4 34 32 33 35
4 32 30 31 33
4 30 28 29 31
4 28 26 27 29
4 26 24 25 27
4 24 22 23 25
4 22 20 21 23
4 20 18 19 21
4 18 16 17 19
4 16 14 15 17
4 14 12 13 15
4 12 10 11 13
4 10 8 9 11
4 8 6 7 9
4 6 4 5 7
4 4 2 3 5
4 2 0 1 3
24 0 2 4 6 8 10 12 14 16 18 20 22 24 26 28 30
   32 34 36 38 40 42 44 46
24 1 47 45 43 41 39 37 35 33 31 29 27 25 23 21 19
   17 15 13 11 9 7 5 3
0
0
-2
48
64.717033 17.340876 120.000008
86.933327 23.293715 112.000008
58.023701 33.500000 120.000008
77.942284 45.000000 112.000008
47.376152 47.376156 120.000008
63.639610 63.639610 112.000008
33.500000 58.023705 120.000008
44.999996 77.942291 112.000008
17.340878 64.717033 120.000008
23.293716 86.933327 112.000008
0.000000 67.000000 120.000008
0.000000 90.000000 112.000008
-17.340876 64.717033 120.000008
-23.293713 86.933327 112.000008
-33.500004 58.023701 120.000008
-45.000004 77.942284 112.000008
-47.376156 47.376156 120.000008
-63.639610 63.639610 112.000008
-58.023701 33.500004 120.000008
-77.942284 45.000004 112.000008
-64.717026 17.340883 120.000008
-86.933319 23.293722 112.000008
-67.000000 0.000000 120.000008
-90.000000 0.000000 112.000008
-64.717033 -17.340878 120.000008
-86.933327 -23.293716 112.000008
-58.023705 -33.500000 120.000008
-77.942284 -45.000000 112.000008
-47.376156 -47.376152 120.000008
-63.639614 -63.639606 112.000008
-33.499992 -58.023705 120.000008
-44.999992 -77.942291 112.000008
-17.340872 -64.717033 120.000008
-23.293709 -86.933327 112.000008
0.000000 -67.000000 120.000008
0.000000 -90.000000 112.000008
17.340874 -64.717033 120.000008
23.293711 -86.933327 112.000008
33.499996 -58.023705 120.000008
44.999992 -77.942291 112.000008
47.376148 -47.376160 120.000008
63.639603 -63.639618 112.000008
58.023697 -33.500011 120.000008
77.942276 -45.000015 112.000008
64.717033 -17.340860 120.000008
86.933327 -23.293694 112.000008
67.000000 0.000000 120.000008
90.000000 0.000000 112.000008
0
26
4 47 1 0 46
4 1 3 2 0
4 3 5 4 2
4 5 7 6 4
4 7 9 8 6
4 9 11 10 8
4 11 13 12 10
4 13 15 14 12
4 15 17 16 14
4 17 19 18 16
4 19 21 20 18
4 21 23 22 20
4 23 25 24 22
4 25 27 26 24
4 27 29 28 26
4 29 31 30 28
4 31 33 32 30
4 33 35 34 32
4 35 37 36 34
4 37 39 38 36
4 39 41 40 38
4 41 43 42 40
4 43 45 44 42
4 45 47 46 44
24 47 45 43 41 39 37 35 33 31 29 27 25 23 21 19 17
   15 13 11 9 7 5 3 1
24 46 0 2 4 6 8 10 12 14 16 18 20 22 24 26 28
   30 32 34 36 38 40 42 44
0
0
-2
48
90.000000 0.000000 95.000008
90.000000 0.000000 112.000008
86.933327 -23.293694 95.000008
86.933327 -23.293694 112.000008
77.942276 -45.000015 95.000008
77.942276 -45.000015 112.000008
63.639603 -63.639618 95.000008
63.639603 -63.639618 112.000008
44.999992 -77.942291 95.000008
44.999992 -77.942291 112.000008
23.293711 -86.933327 95.000008
23.293711 -86.933327 112.000008
0.000000 -90.000000 95.000008
0.000000 -90.000000 112.000008
-23.293709 -86.933327 95.000008
-23.293709 -86.933327 112.000008
-44.999992 -77.942291 95.000008
-44.999992 -77.942291 112.000008
-63.639614 -63.639606 95.000008
-63.639614 -63.639606 112.000008
-77.942284 -45.000000 95.000008
-77.942284 -45.000000 112.000008
-86.933327 -23.293716 95.000008
-86.933327 -23.293716 112.000008
-90.000000 0.000000 95.000008
-90.000000 0.000000 112.000008
-86.933319 23.293722 95.000008
-86.933319 23.293722 112.000008
-77.942284 45.000004 95.000008
-77.942284 45.000004 112.000008
-63.639610 63.639610 95.000008
-63.639610 63.639610 112.000008
-45.000004 77.942284 95.000008
-45.000004 77.942284 112.000008
-23.293713 86.933327 95.000008
-23.293713 86.933327 112.000008
0.000000 90.000000 95.000008
0.000000 90.000000 112.000008
23.293716 86.933327 95.000008
23.293716 86.933327 112.000008
44.999996 77.942291 95.000008
44.999996 77.942291 112.000008
63.639610 63.639610 95.000008
63.639610 63.639610 112.000008
77.942284 45.000000 95.000008
77.942284 45.000000 112.000008
86.933327 23.293715 95.000008
86.933327 23.293715 112.000008
0
26
4 0 46 47 1
4 46 44 45 47
4 44 42 43 45
4 42 40 41 43
4 40 38 39 41
4 38 36 37 39
4 36 34 35 37
4 34 32 33 35
4 32 30 31 33
4 30 28 29 31
4 28 26 27 29
4 26 24 25 27
4 24 22 23 25
4 22 20 21 23
4 20 18 19 21
4 18 16 17 19
4 16 14 15 17
4 14 12 13 15
4 12 10 11 13
4 10 8 9 11
4 8 6 7 9
4 6 4 5 7
4 4 2 3 5
4 2 0 1 3
24 0 2 4 6 8 10 12 14 16 18 20 22 24 26 28 30
   32 34 36 38 40 42 44 46
24 1 47 45 43 41 39 37 35 33 31 29 27 25 23 21 19
   17 15 13 11 9 7 5 3
0
0
