11
2
1.000000 0.000000 0.000000
0.000000 0.000000 1.000000
0.000000 -1.000000 0.000000
150.000000 -170.000000 0.000000
1.000000 0.000000 0.000000
0.000000 0.000000 1.000000
0.000000 -1.000000 0.000000
150.000000 0.000000 0.000000
0
0
11
-2
8
150.000000 210.000000 0.000000
150.000000 290.000000 0.000000
0.000000 290.000000 0.000000
0.000000 210.000000 0.000000
0.000000 290.000000 -38.000000
150.000000 290.000000 -38.000000
150.000000 210.000000 -38.000000
0.000000 210.000000 -38.000000
0
6
4 7 4 5 6
4 3 0 1 2
4 4 7 3 2
4 5 4 2 1
4 6 5 1 0
4 7 6 0 3
0
0
-2
8
150.000000 -65.000000 56.000000
150.000000 65.000000 56.000000
0.000000 65.000000 56.000000
0.000000 -65.000000 56.000000
0.000000 65.000000 -56.000000
150.000000 65.000000 -56.000000
150.000000 -65.000000 -56.000000
0.000000 -65.000000 -56.000000
0
6
4 7 4 5 6
4 3 0 1 2
4 4 7 3 2
4 5 4 2 1
4 6 5 1 0
4 7 6 0 3
0
0
-2
48
38.637024 260.352783 0.000000
38.637024 260.352783 -43.000000
34.640991 270.000000 0.000000
34.640991 270.000000 -43.000000
28.284302 278.284271 0.000000
28.284302 278.284271 -43.000000
20.000000 284.641022 0.000000
20.000000 284.641022 -43.000000
10.352753 288.637024 0.000000
10.352753 288.637024 -43.000000
0.000000 290.000000 0.000000
0.000000 290.000000 -43.000000
-10.352753 288.637024 0.000000
-10.352753 288.637024 -43.000000
-20.000000 284.641022 0.000000
-20.000000 284.641022 -43.000000
-28.284271 278.284271 0.000000
-28.284271 278.284271 -43.000000
-34.641022 270.000000 0.000000
-34.641022 270.000000 -43.000000
-38.637024 260.352783 0.000000
-38.637024 260.352783 -43.000000
-40.000000 250.000000 0.000000
-40.000000 250.000000 -43.000000
-38.637024 239.647232 0.000000
-38.637024 239.647232 -43.000000
-34.641022 230.000000 0.000000
-34.641022 230.000000 -43.000000
-28.284271 221.715729 0.000000
-28.284271 221.715729 -43.000000
-20.000000 215.358978 0.000000
-20.000000 215.358978 -43.000000
-10.352753 211.362961 0.000000
-10.352753 211.362961 -43.000000
0.000000 210.000000 0.000000
0.000000 210.000000 -43.000000
10.352753 211.362961 0.000000
10.352753 211.362961 -43.000000
20.000000 215.358978 0.000000
20.000000 215.358978 -43.000000
28.284241 221.715729 0.000000
28.284241 221.715729 -43.000000
34.640991 230.000000 0.000000
34.640991 230.000000 -43.000000
38.637024 239.647247 0.000000
38.637024 239.647247 -43.000000
40.000000 250.000000 0.000000
40.000000 250.000000 -43.000000
0
26
4 47 1 0 46
4 1 3 2 0
4 3 5 4 2
4 5 7 6 4
4 7 9 8 6
4 9 11 10 8
4 11 13 12 10
4 13 15 14 12
4 15 17 16 14
4 17 19 18 16
4 19 21 20 18
4 21 23 22 20
4 23 25 24 22
4 25 27 26 24
4 27 29 28 26
4 29 31 30 28
4 31 33 32 30
4 33 35 34 32
4 35 37 36 34
4 37 39 38 36
4 39 41 40 38
4 41 43 42 40
4 43 45 44 42
4 45 47 46 44
24 47 45 43 41 39 37 35 33 31 29 27 25 23 21 19 17
   15 13 11 9 7 5 3 1
24 46 0 2 4 6 8 10 12 14 16 18 20 22 24 26 28
   30 32 34 36 38 40 42 44
0
0
-2
48
150.000000 -170.000000 -91.000000
150.000000 -168.000015 -91.000000
173.552551 -168.000015 -87.899246
173.552551 -170.000000 -87.899246
195.500000 -168.000015 -78.808311
195.500000 -170.000000 -78.808311
214.346741 -168.000015 -64.346718
214.346741 -170.000000 -64.346718
228.808350 -168.000015 -45.499996
228.808350 -170.000000 -45.499996
237.899292 -168.000015 -23.552536
237.899292 -170.000000 -23.552536
241.000000 -168.000015 0.000000
241.000000 -170.000000 0.000000
237.899292 -168.000015 23.552532
237.899292 -170.000000 23.552532
228.808350 -168.000015 45.500004
228.808350 -170.000000 45.500004
214.346741 -168.000015 64.346718
214.346741 -170.000000 64.346718
195.500000 -168.000015 78.808311
195.500000 -170.000000 78.808311
173.552551 -168.000015 87.899246
173.552551 -170.000000 87.899246
150.000000 -168.000015 91.000000
150.000000 -170.000000 91.000000
126.447510 -168.000015 87.899246
126.447510 -170.000000 87.899246
104.500000 -168.000015 78.808311
104.500000 -170.000000 78.808311
85.653320 -168.000015 64.346718
85.653320 -170.000000 64.346718
71.191711 -168.000015 45.499992
71.191711 -170.000000 45.499992
62.100769 -168.000015 23.552528
62.100769 -170.000000 23.552528
59.000000 -168.000015 0.000000
59.000000 -170.000000 0.000000
62.100769 -168.000015 -23.552530
62.100769 -170.000000 -23.552530
71.191711 -168.000015 -45.499992
71.191711 -170.000000 -45.499992
85.653320 -168.000015 -64.346710
85.653320 -170.000000 -64.346710
104.500000 -168.000015 -78.808304
104.500000 -170.000000 -78.808304
126.447510 -168.000015 -87.899254
126.447510 -170.000000 -87.899254
0
25
4 0 1 2 3
4 3 2 4 5
4 5 4 6 7
4 7 6 8 9
4 9 8 10 11
4 11 10 12 13
4 13 12 14 15
4 15 14 16 17
4 17 16 18 19
4 19 18 20 21
4 21 20 22 23
4 23 22 24 25
4 25 24 26 27
4 27 26 28 29
4 29 28 30 31
4 31 30 32 33
4 33 32 34 35
4 35 34 36 37
4 37 36 38 39
4 39 38 40 41
4 41 40 42 43
4 43 42 44 45
4 45 44 46 47
4 47 46 1 0
24 45 47 0 3 5 7 9 11 13 15 17 19 21 23 25 27
   29 31 33 35 37 39 41 43
0
0
-2
48
150.000000 320.000000 -90.000000
150.000000 317.999969 -90.000000
126.706299 317.999969 -86.933327
126.706299 320.000000 -86.933327
105.000000 317.999969 -77.942284
105.000000 320.000000 -77.942284
86.360413 317.999969 -63.639610
86.360413 320.000000 -63.639610
72.057739 317.999969 -44.999996
72.057739 320.000000 -44.999996
63.066650 317.999969 -23.293716
63.066650 320.000000 -23.293716
60.000000 317.999969 0.000000
60.000000 320.000000 0.000000
63.066650 317.999969 23.293713
63.066650 320.000000 23.293713
72.057739 317.999969 45.000004
72.057739 320.000000 45.000004
86.360413 317.999969 63.639610
86.360413 320.000000 63.639610
105.000000 317.999969 77.942284
105.000000 320.000000 77.942284
126.706299 317.999969 86.933319
126.706299 320.000000 86.933319
150.000000 317.999969 90.000000
150.000000 320.000000 90.000000
173.293701 317.999969 86.933327
173.293701 320.000000 86.933327
195.000000 317.999969 77.942284
195.000000 320.000000 77.942284
213.639587 317.999969 63.639614
213.639587 320.000000 63.639614
227.942261 317.999969 44.999992
227.942261 320.000000 44.999992
236.933350 317.999969 23.293709
236.933350 320.000000 23.293709
240.000000 317.999969 0.000000
240.000000 320.000000 0.000000
236.933350 317.999969 -23.293711
236.933350 320.000000 -23.293711
227.942261 317.999969 -44.999992
227.942261 320.000000 -44.999992
213.639648 317.999969 -63.639603
213.639648 320.000000 -63.639603
195.000000 317.999969 -77.942276
195.000000 320.000000 -77.942276
173.293701 317.999969 -86.933327
173.293701 320.000000 -86.933327
0
24
4 0 1 2 3
4 3 2 4 5
4 5 4 6 7
4 7 6 8 9
4 9 8 10 11
4 11 10 12 13
4 13 12 14 15
4 15 14 16 17
4 17 16 18 19
4 19 18 20 21
4 21 20 22 23
4 23 22 24 25
4 25 24 26 27
4 27 26 28 29
4 29 28 30 31
4 31 30 32 33
4 33 32 34 35
4 35 34 36 37
4 37 36 38 39
4 39 38 40 41
4 41 40 42 43
4 43 42 44 45
4 45 44 46 47
4 47 46 1 0
0
0
-2
48
173.552551 -168.000015 -87.899246
174.587830 -50.000008 -91.762955
195.500000 -168.000015 -78.808311
197.500000 -50.000008 -82.272415
214.346741 -168.000015 -64.346718
217.175171 -50.000008 -67.175140
228.808350 -168.000015 -45.499996
232.272461 -50.000008 -47.499996
237.899292 -168.000015 -23.552536
241.762939 -50.000008 -24.587811
241.000000 -168.000000 0.000000
245.000000 -50.000008 0.000000
237.899292 -168.000000 23.552532
241.762939 -50.000008 24.587809
228.808350 -168.000000 45.500004
232.272461 -50.000008 47.500004
214.346741 -168.000000 64.346718
217.175171 -50.000008 67.175148
195.500000 -168.000000 78.808311
197.500000 -50.000008 82.272408
173.552551 -168.000000 87.899246
174.587830 -50.000008 91.762955
150.000000 -168.000000 91.000000
150.000000 -50.000008 95.000000
126.447510 -168.000000 87.899246
125.412231 -50.000008 91.762955
104.500000 -168.000000 78.808311
102.500000 -50.000008 82.272415
85.653320 -168.000000 64.346718
82.824890 -50.000008 67.175148
71.191711 -168.000000 45.499992
67.727600 -50.000008 47.499989
62.100769 -168.000000 23.552528
58.237061 -50.000008 24.587803
59.000000 -168.000000 0.000000
55.000000 -50.000008 0.000000
62.100769 -168.000015 -23.552530
58.237061 -50.000008 -24.587805
71.191711 -168.000015 -45.499992
67.727600 -50.000008 -47.499992
85.653320 -168.000015 -64.346710
82.824829 -50.000008 -67.175133
104.500000 -168.000015 -78.808304
102.500000 -50.000008 -82.272408
126.447510 -168.000015 -87.899254
125.412231 -50.000008 -91.762962
150.000000 -168.000015 -91.000000
150.000000 -50.000008 -95.000000
0
24
4 47 1 0 46
4 1 3 2 0
4 3 5 4 2
4 5 7 6 4
4 7 9 8 6
4 9 11 10 8
4 11 13 12 10
4 13 15 14 12
4 15 17 16 14
4 17 19 18 16
4 19 21 20 18
4 21 23 22 20
4 23 25 24 22
4 25 27 26 24
4 27 29 28 26
4 29 31 30 28
4 31 33 32 30
4 33 35 34 32
4 35 37 36 34
4 37 39 38 36
4 39 41 40 38
4 41 43 42 40
4 43 45 44 42
4 45 47 46 44
0
0
-2
48
126.706299 318.000000 -86.933327
125.412170 174.999985 -91.762955
105.000000 318.000000 -77.942284
102.500000 174.999985 -82.272415
86.360413 318.000000 -63.639610
82.824829 174.999985 -67.175140
72.057739 318.000000 -44.999996
67.727600 174.999985 -47.499996
63.066650 318.000000 -23.293716
58.237061 174.999985 -24.587811
60.000000 318.000000 0.000000
55.000000 174.999985 0.000000
63.066650 318.000000 23.293713
58.237061 174.999985 24.587809
72.057739 317.999969 45.000004
67.727600 174.999985 47.500004
86.360413 317.999969 63.639610
82.824829 174.999985 67.175148
105.000000 317.999969 77.942284
102.500000 174.999985 82.272408
126.706299 317.999969 86.933319
125.412170 174.999985 91.762955
150.000000 317.999969 90.000000
150.000000 174.999985 95.000000
173.293701 317.999969 86.933327
174.587830 174.999985 91.762955
195.000000 317.999969 77.942284
197.500000 174.999985 82.272415
213.639587 317.999969 63.639614
217.175171 174.999985 67.175148
227.942261 317.999969 44.999992
232.272400 174.999985 47.499989
236.933350 317.999969 23.293709
241.762939 174.999985 24.587803
240.000000 318.000000 0.000000
245.000000 174.999985 0.000000
236.933350 318.000000 -23.293711
241.762939 174.999985 -24.587805
227.942261 318.000000 -44.999992
232.272400 174.999985 -47.499992
213.639648 318.000000 -63.639603
217.175171 174.999985 -67.175133
195.000000 318.000000 -77.942276
197.500000 174.999985 -82.272408
173.293701 318.000000 -86.933327
174.587769 174.999985 -91.762962
150.000000 318.000000 -90.000000
150.000000 174.999985 -95.000000
0
24
4 47 1 0 46
4 1 3 2 0
4 3 5 4 2
4 5 7 6 4
4 7 9 8 6
4 9 11 10 8
4 11 13 12 10
4 13 15 14 12
4 15 17 16 14
4 17 19 18 16
4 19 21 20 18
4 21 23 22 20
4 23 25 24 22
4 25 27 26 24
4 27 29 28 26
4 29 31 30 28
4 31 33 32 30
4 33 35 34 32
4 35 37 36 34
4 37 39 38 36
4 39 41 40 38
4 41 43 42 40
4 43 45 44 42
4 45 47 46 44
0
0
-2
48
174.587830 175.000000 91.762955
174.587830 -50.000000 91.762955
197.500000 175.000000 82.272415
197.500000 -50.000000 82.272415
217.175171 175.000000 67.175140
217.175171 -50.000000 67.175140
232.272400 175.000000 47.499996
232.272400 -50.000000 47.499996
241.762939 175.000000 24.587811
241.762939 -50.000000 24.587811
245.000000 175.000000 0.000000
245.000000 -50.000000 0.000000
241.762939 175.000000 -24.587809
241.762939 -50.000000 -24.587809
232.272400 175.000000 -47.500004
232.272400 -50.000000 -47.500004
217.175171 175.000000 -67.175148
217.175171 -50.000000 -67.175148
197.500000 175.000000 -82.272408
197.500000 -50.000000 -82.272408
174.587830 175.000000 -91.762955
174.587830 -50.000000 -91.762955
150.000000 175.000000 -95.000000
150.000000 -50.000000 -95.000000
125.412170 175.000000 -91.762955
125.412170 -50.000000 -91.762955
102.500000 175.000000 -82.272415
102.500000 -50.000000 -82.272415
82.824829 175.000000 -67.175148
82.824829 -50.000000 -67.175148
67.727600 175.000000 -47.499989
67.727600 -50.000000 -47.499989
58.237061 175.000000 -24.587803
58.237061 -50.000000 -24.587803
55.000000 175.000000 0.000000
55.000000 -50.000000 0.000000
58.237061 175.000000 24.587805
58.237061 -50.000000 24.587805
67.727600 175.000000 47.499992
67.727600 -50.000000 47.499992
82.824829 175.000000 67.175133
82.824829 -50.000000 67.175133
102.500000 175.000000 82.272408
102.500000 -50.000000 82.272408
125.412231 175.000000 91.762962
125.412231 -50.000000 91.762962
150.000000 175.000000 95.000000
150.000000 -50.000000 95.000000
0
24
4 47 1 0 46
4 1 3 2 0
4 3 5 4 2
4 5 7 6 4
4 7 9 8 6
4 9 11 10 8
4 11 13 12 10
4 13 15 14 12
4 15 17 16 14
4 17 19 18 16
4 19 21 20 18
4 21 23 22 20
4 23 25 24 22
4 25 27 26 24
4 27 29 28 26
4 29 31 30 28
4 31 33 32 30
4 33 35 34 32
4 35 37 36 34
4 37 39 38 36
4 39 41 40 38
4 41 43 42 40
4 43 45 44 42
4 45 47 46 44
0
0
-2
48
65.000000 0.000000 59.000000
65.000000 0.000000 30.000000
62.785156 -16.823223 59.000000
62.785156 -16.823223 30.000000
56.291626 -32.500011 59.000000
56.291626 -32.500011 30.000000
45.961914 -45.961948 59.000000
45.961914 -45.961948 30.000000
32.500000 -56.291653 59.000000
32.500000 -56.291653 30.000000
16.823242 -62.785179 59.000000
16.823242 -62.785179 30.000000
0.000000 -65.000000 59.000000
0.000000 -65.000000 30.000000
-16.823242 -62.785179 59.000000
-16.823242 -62.785179 30.000000
-32.500000 -56.291656 59.000000
-32.500000 -56.291656 30.000000
-45.961945 -45.961937 59.000000
-45.961945 -45.961937 30.000000
-56.291656 -32.500000 59.000000
-56.291656 -32.500000 30.000000
-62.785187 -16.823240 59.000000
-62.785187 -16.823240 30.000000
-65.000000 0.000000 59.000000
-65.000000 0.000000 30.000000
-62.785187 16.823244 59.000000
-62.785187 16.823244 30.000000
-56.291656 32.500004 59.000000
-56.291656 32.500004 30.000000
-45.961945 45.961941 59.000000
-45.961945 45.961941 30.000000
-32.500000 56.291649 59.000000
-32.500000 56.291649 30.000000
-16.823242 62.785179 59.000000
-16.823242 62.785179 30.000000
0.000000 65.000000 59.000000
0.000000 65.000000 30.000000
16.823242 62.785179 59.000000
16.823242 62.785179 30.000000
32.500000 56.291653 59.000000
32.500000 56.291653 30.000000
45.961914 45.961941 59.000000
45.961914 45.961941 30.000000
56.291626 32.500000 59.000000
56.291626 32.500000 30.000000
62.785156 16.823238 59.000000
62.785156 16.823238 30.000000
0
26
4 0 1 47 46
4 46 47 45 44
4 44 45 43 42
4 42 43 41 40
4 40 41 39 38
4 38 39 37 36
4 36 37 35 34
4 34 35 33 32
4 32 33 31 30
4 30 31 29 28
4 28 29 27 26
4 26 27 25 24
4 24 25 23 22
4 22 23 21 20
4 20 21 19 18
4 18 19 17 16
4 16 17 15 14
4 14 15 13 12
4 12 13 11 10
4 10 11 9 8
4 8 9 7 6
4 6 7 5 4
4 4 5 3 2
4 2 3 1 0
24 0 46 44 42 40 38 36 34 32 30 28 26 24 22 20 18
   16 14 12 10 8 6 4 2
24 1 3 5 7 9 11 13 15 17 19 21 23 25 27 29 31
   33 35 37 39 41 43 45 47
0
0
-2
72
62.785156 16.823238 -30.000000
62.785156 16.823238 -59.000000
56.291626 32.500000 -30.000000
56.291626 32.500000 -59.000000
45.961914 45.961941 -30.000000
45.961914 45.961941 -59.000000
32.500000 56.291653 -30.000000
32.500000 56.291653 -59.000000
16.823242 62.785179 -30.000000
16.823242 62.785179 -59.000000
0.000000 65.000000 -30.000000
0.000000 65.000000 -59.000000
-16.823242 62.785179 -30.000000
-16.823242 62.785179 -59.000000
-32.500000 56.291649 -30.000000
-32.500000 56.291649 -59.000000
-45.961945 45.961941 -30.000000
-45.961945 45.961941 -59.000000
-56.291656 32.500004 -30.000000
-56.291656 32.500004 -59.000000
-62.785187 16.823244 -30.000000
-62.785187 16.823244 -59.000000
-65.000000 0.000000 -30.000000
-65.000000 0.000000 -59.000000
-62.785187 -16.823240 -30.000000
-62.785187 -16.823240 -59.000000
-56.291656 -32.500000 -30.000000
-56.291656 -32.500000 -59.000000
-45.961945 -45.961937 -30.000000
-45.961945 -45.961937 -59.000000
-32.500000 -56.291656 -30.000000
-32.500000 -56.291656 -59.000000
-16.823242 -62.785179 -30.000000
-16.823242 -62.785179 -59.000000
0.000000 -65.000000 -30.000000
0.000000 -65.000000 -59.000000
16.823242 -62.785179 -30.000000
16.823242 -62.785179 -59.000000
32.500000 -56.291653 -30.000000
32.500000 -56.291653 -59.000000
45.961914 -45.961948 -30.000000
45.961914 -45.961948 -59.000000
56.291626 -32.500011 -30.000000
56.291626 -32.500011 -59.000000
62.785156 -16.823223 -30.000000
62.785156 -16.823223 -59.000000
65.000000 0.000000 -30.000000
65.000000 0.000000 -59.000000
105.000000 320.000000 -77.942284
173.293701 320.000000 -86.933327
213.639648 320.000000 -63.639603
195.000000 320.000000 -77.942276
150.000000 320.000000 -90.000000
126.706299 320.000000 -86.933327
86.360413 320.000000 -63.639610
72.057739 320.000000 -44.999996
63.066650 320.000000 -23.293716
60.000000 320.000000 0.000000
63.066650 320.000000 23.293713
72.057739 320.000000 45.000004
86.360413 320.000000 63.639610
105.000000 320.000000 77.942284
126.706299 320.000000 86.933319
150.000000 320.000000 90.000000
173.293701 320.000000 86.933327
195.000000 320.000000 77.942284
213.639587 320.000000 63.639614
227.942261 320.000000 44.999992
236.933350 320.000000 23.293709
240.000000 320.000000 0.000000
236.933350 320.000000 -23.293711
227.942261 320.000000 -44.999992
0
27
4 47 1 0 46
4 1 3 2 0
4 3 5 4 2
4 5 7 6 4
4 7 9 8 6
4 9 11 10 8
4 11 13 12 10
4 13 15 14 12
4 15 17 16 14
4 17 19 18 16
4 19 21 20 18
4 21 23 22 20
4 23 25 24 22
4 25 27 26 24
4 27 29 28 26
4 29 31 30 28
4 31 33 32 30
4 33 35 34 32
4 35 37 36 34
4 37 39 38 36
4 39 41 40 38
4 41 43 42 40
4 43 45 44 42
4 45 47 46 44
24 47 45 43 41 39 37 35 33 31 29 27 25 23 21 19 17
   15 13 11 9 7 5 3 1
24 46 0 2 4 6 8 10 12 14 16 18 20 22 24 26 28
   30 32 34 36 38 40 42 44
24 50 51 49 52 53 48 54 55 56 57 58 59 60 61 62 63
   64 65 66 67 68 69 70 71
0
0
-2
48
150.000000 319.999969 -90.000000
150.000000 449.999969 -55.000000
173.293701 319.999969 -86.933327
164.235046 449.999969 -53.125923
195.000000 319.999969 -77.942276
177.500000 449.999969 -47.631393
213.639648 319.999969 -63.639603
188.890869 449.999969 -38.890869
227.942261 319.999969 -44.999992
197.631409 449.999969 -27.499996
236.933350 319.999969 -23.293711
203.125916 449.999969 -14.235045
240.000000 319.999969 0.000000
205.000000 449.999969 0.000000
236.933350 319.999969 23.293709
203.125916 449.999969 14.235044
227.942261 319.999969 44.999992
197.631409 449.999969 27.499994
213.639587 319.999969 63.639614
188.890869 449.999969 38.890877
195.000000 319.999969 77.942284
177.500000 449.999969 47.631397
173.293701 319.999969 86.933327
164.235046 449.999969 53.125919
150.000000 319.999969 90.000000
150.000000 449.999969 55.000000
126.706299 319.999969 86.933319
135.764954 449.999969 53.125919
105.000000 319.999969 77.942284
122.500000 449.999969 47.631397
86.360413 319.999969 63.639610
111.109131 449.999969 38.890873
72.057739 319.999969 45.000004
102.368591 449.999969 27.500002
63.066650 319.999969 23.293713
96.874084 449.999969 14.235047
60.000000 319.999969 0.000000
95.000000 449.999969 0.000000
63.066650 319.999969 -23.293716
96.874084 449.999969 -14.235048
72.057739 319.999969 -44.999996
102.368591 449.999969 -27.499998
86.360413 319.999969 -63.639610
111.109131 449.999969 -38.890873
105.000000 319.999969 -77.942284
122.500000 449.999969 -47.631397
126.706299 319.999969 -86.933327
135.764954 449.999969 -53.125919
0
26
4 0 46 47 1
4 46 44 45 47
4 44 42 43 45
4 42 40 41 43
4 40 38 39 41
4 38 36 37 39
4 36 34 35 37
4 34 32 33 35
4 32 30 31 33
4 30 28 29 31
4 28 26 27 29
4 26 24 25 27
4 24 22 23 25
4 22 20 21 23
4 20 18 19 21
4 18 16 17 19
4 16 14 15 17
4 14 12 13 15
4 12 10 11 13
4 10 8 9 11
4 8 6 7 9
4 6 4 5 7
4 4 2 3 5
4 2 0 1 3
24 0 2 4 6 8 10 12 14 16 18 20 22 24 26 28 30
   32 34 36 38 40 42 44 46
24 1 47 45 43 41 39 37 35 33 31 29 27 25 23 21 19
   17 15 13 11 9 7 5 3
0
0
