11
2
1.000000 0.000000 0.000000
0.000000 1.000000 0.000000
0.000000 0.000000 1.000000
650.000000 0.000000 0.000000
1.000000 0.000000 0.000000
0.000000 1.000000 0.000000
0.000000 0.000000 1.000000
0.000000 0.000000 -47.000000
0
0
6
-2
84
-62.499989 -108.253181 -117.000000
-32.352371 -120.740730 -117.000000
-32.352371 -120.740730 117.000000
-62.499989 -108.253181 117.000000
0.000000 -125.000000 -117.000000
0.000000 -125.000000 117.000000
32.352375 -120.740730 -117.000000
32.352375 -120.740730 117.000000
62.499989 -108.253181 -117.000000
62.499989 -108.253181 117.000000
88.388336 -88.388359 -117.000000
88.388336 -88.388359 117.000000
120.740738 -32.352352 -117.000000
125.000000 0.000000 -117.000000
125.000000 0.000000 117.000000
120.740738 -32.352352 117.000000
108.253166 -62.500023 -117.000000
-88.388351 -88.388344 -117.000000
-108.253174 -62.500000 -117.000000
-120.740730 -32.352386 -117.000000
-125.000000 0.000000 -117.000000
-120.740723 32.352394 -117.000000
-108.253174 62.500004 -117.000000
-88.388351 88.388344 -117.000000
-62.500008 108.253174 -117.000000
-32.352379 120.740730 -117.000000
0.000000 125.000000 -117.000000
32.352383 120.740730 -117.000000
62.499996 108.253174 -117.000000
88.388344 88.388351 -117.000000
108.253174 62.500000 -117.000000
120.740730 32.352383 -117.000000
120.740730 32.352383 117.000000
108.253174 62.500000 117.000000
88.388344 88.388351 117.000000
62.499996 108.253174 117.000000
32.352383 120.740730 117.000000
0.000000 125.000000 117.000000
-32.352379 120.740730 117.000000
-62.500008 108.253174 117.000000
-88.388351 88.388344 117.000000
-108.253174 62.500004 117.000000
-120.740723 32.352394 117.000000
-125.000000 0.000000 117.000000
-120.740730 -32.352386 117.000000
-108.253174 -62.500000 117.000000
-88.388351 -88.388344 117.000000
108.253166 -62.500023 117.000000
120.740730 32.352383 -47.000004
108.253174 62.500000 -46.999996
88.388344 88.388351 -46.999996
88.388344 88.388351 6.000000
62.499996 108.253174 6.000000
115.000000 46.211727 -47.000000
115.000000 46.211727 117.000000
62.499996 108.253174 -47.000004
32.352383 120.740730 -46.999996
32.352383 120.740730 6.000000
0.000000 125.000000 6.000000
0.000000 125.000000 -47.000004
-32.352379 120.740730 -46.999996
-32.352379 120.740730 6.000000
-62.500008 108.253174 6.000000
-62.500008 108.253174 -47.000004
-88.388351 88.388344 -46.999996
-88.388351 88.388344 6.000000
-108.253174 62.500004 6.000000
-108.253174 62.500004 -47.000004
-120.740723 32.352394 -46.999996
-120.740723 32.352394 6.000000
-125.000000 0.000000 6.000000
-125.000000 0.000000 -47.000004
-120.740730 -32.352386 -46.999996
-120.740730 -32.352386 6.000000
-108.253174 -62.500000 6.000000
-108.253174 -62.500000 -47.000004
108.253166 -62.500023 6.000000
120.740738 -32.352352 6.000000
115.000000 -46.211723 6.000000
115.000000 -46.211723 -117.000000
108.253174 62.500000 6.000001
115.000000 46.211727 5.999998
115.000000 -46.211723 -47.000000
108.253166 -62.500023 -47.000000
0
46
4 0 1 2 3
4 1 4 5 2
4 4 6 7 5
4 6 8 9 7
4 8 10 11 9
4 12 13 14 15
24 13 12 16 10 8 6 4 1 0 17 18 19 20 21 22 23
   24 25 26 27 28 29 30 31
24 14 32 33 34 35 36 37 38 39 40 41 42 43 44 45 46
   3 2 5 7 9 11 47 15
4 48 31 30 49
4 49 30 29 50
4 51 52 35 34
4 48 53 54 32
4 55 28 27 56
4 57 58 37 36
4 59 26 25 60
4 61 62 39 38
4 63 24 23 64
4 65 66 41 40
4 67 22 21 68
4 69 70 43 42
4 71 20 19 72
4 73 74 45 44
4 76 77 15 47
4 78 79 12 77
4 80 51 34 33
4 81 80 33 54
4 50 29 28 55
4 52 57 36 35
4 56 27 26 59
4 58 61 38 37
4 60 25 24 63
4 62 65 40 39
4 64 23 22 67
4 66 69 42 41
4 68 21 20 71
4 70 73 44 43
4 72 19 18 75
4 82 83 16 79
4 82 78 81 53
4 75 74 76 83
16 83 82 53 49 50 55 56 59 60 63 64 67 68 71 72 75
16 61 58 57 52 51 80 81 78 76 74 73 70 69 66 65 62
4 13 31 32 14
4 17 0 3 46
4 18 17 46 45
4 47 11 10 16
0
0
-2
48
715.000000 0.000000 -100.000000
715.000000 0.000000 -60.000000
712.785156 -16.823223 -100.000000
712.785156 -16.823223 -60.000000
706.291626 -32.500011 -100.000000
706.291626 -32.500011 -60.000000
695.961914 -45.961948 -100.000000
695.961914 -45.961948 -60.000000
682.500000 -56.291653 -100.000000
682.500000 -56.291653 -60.000000
666.823242 -62.785179 -100.000000
666.823242 -62.785179 -60.000000
650.000000 -65.000000 -100.000000
650.000000 -65.000000 -60.000000
633.176758 -62.785179 -100.000000
633.176758 -62.785179 -60.000000
617.500000 -56.291656 -100.000000
617.500000 -56.291656 -60.000000
604.038086 -45.961937 -100.000000
604.038086 -45.961937 -60.000000
593.708374 -32.500000 -100.000000
593.708374 -32.500000 -60.000000
587.214844 -16.823240 -100.000000
587.214844 -16.823240 -60.000000
585.000000 0.000000 -100.000000
585.000000 0.000000 -60.000000
587.214844 16.823244 -100.000000
587.214844 16.823244 -60.000000
593.708374 32.500004 -100.000000
593.708374 32.500004 -60.000000
604.038086 45.961941 -100.000000
604.038086 45.961941 -60.000000
617.500000 56.291649 -100.000000
617.500000 56.291649 -60.000000
633.176758 62.785179 -100.000000
633.176758 62.785179 -60.000000
650.000000 65.000000 -100.000000
650.000000 65.000000 -60.000000
666.823242 62.785179 -100.000000
666.823242 62.785179 -60.000000
682.500000 56.291653 -100.000000
682.500000 56.291653 -60.000000
695.961914 45.961941 -100.000000
695.961914 45.961941 -60.000000
706.291626 32.500000 -100.000000
706.291626 32.500000 -60.000000
712.785156 16.823238 -100.000000
712.785156 16.823238 -60.000000
0
26
4 0 46 47 1
4 46 44 45 47
4 44 42 43 45
4 42 40 41 43
4 40 38 39 41
4 38 36 37 39
4 36 34 35 37
4 34 32 33 35
4 32 30 31 33
4 30 28 29 31
4 28 26 27 29
4 26 24 25 27
4 24 22 23 25
4 22 20 21 23
4 20 18 19 21
4 18 16 17 19
4 16 14 15 17
4 14 12 13 15
4 12 10 11 13
4 10 8 9 11
4 8 6 7 9
4 6 4 5 7
4 4 2 3 5
4 2 0 1 3
24 0 2 4 6 8 10 12 14 16 18 20 22 24 26 28 30
   32 34 36 38 40 42 44 46
24 1 47 45 43 41 39 37 35 33 31 29 27 25 23 21 19
   17 15 13 11 9 7 5 3
0
0
-2
48
712.785156 16.823238 60.000000
712.785156 16.823238 100.000000
706.291626 32.500000 60.000000
706.291626 32.500000 100.000000
695.961914 45.961941 60.000000
695.961914 45.961941 100.000000
682.500000 56.291653 60.000000
682.500000 56.291653 100.000000
666.823242 62.785179 60.000000
666.823242 62.785179 100.000000
650.000000 65.000000 60.000000
650.000000 65.000000 100.000000
633.176758 62.785179 60.000000
633.176758 62.785179 100.000000
617.500000 56.291649 60.000000
617.500000 56.291649 100.000000
604.038086 45.961941 60.000000
604.038086 45.961941 100.000000
593.708374 32.500004 60.000000
593.708374 32.500004 100.000000
587.214844 16.823244 60.000000
587.214844 16.823244 100.000000
585.000000 0.000000 60.000000
585.000000 0.000000 100.000000
587.214844 -16.823240 60.000000
587.214844 -16.823240 100.000000
593.708374 -32.500000 60.000000
593.708374 -32.500000 100.000000
604.038086 -45.961937 60.000000
604.038086 -45.961937 100.000000
617.500000 -56.291656 60.000000
617.500000 -56.291656 100.000000
633.176758 -62.785179 60.000000
633.176758 -62.785179 100.000000
650.000000 -65.000000 60.000000
650.000000 -65.000000 100.000000
666.823242 -62.785179 60.000000
666.823242 -62.785179 100.000000
682.500000 -56.291653 60.000000
682.500000 -56.291653 100.000000
695.961914 -45.961948 60.000000
695.961914 -45.961948 100.000000
706.291626 -32.500011 60.000000
706.291626 -32.500011 100.000000
712.785156 -16.823223 60.000000
712.785156 -16.823223 100.000000
715.000000 0.000000 60.000000
715.000000 0.000000 100.000000
0
26
4 47 46 0 1
4 1 0 2 3
4 3 2 4 5
4 5 4 6 7
4 7 6 8 9
4 9 8 10 11
4 11 10 12 13
4 13 12 14 15
4 15 14 16 17
4 17 16 18 19
4 19 18 20 21
4 21 20 22 23
4 23 22 24 25
4 25 24 26 27
4 27 26 28 29
4 29 28 30 31
4 31 30 32 33
4 33 32 34 35
4 35 34 36 37
4 37 36 38 39
4 39 38 40 41
4 41 40 42 43
4 43 42 44 45
4 45 44 46 47
24 47 1 3 5 7 9 11 13 15 17 19 21 23 25 27 29
   31 33 35 37 39 41 43 45
24 46 44 42 40 38 36 34 32 30 28 26 24 22 20 18 16
   14 12 10 8 6 4 2 0
0
0
-2
32
0.000000 -101.500000 117.000000
650.000000 -65.000000 95.000000
650.000000 65.000000 95.000000
0.000000 101.500000 117.000000
0.000000 101.500000 -117.000000
650.000000 65.000000 -95.000000
650.000000 -65.000000 -95.000000
0.000000 -101.500000 -117.000000
0.000000 -101.500000 -63.000004
650.000000 -65.000000 -63.000000
580.000000 -68.930771 -63.000000
580.000000 -68.930771 97.369232
580.000000 -68.930771 63.000000
650.000000 -65.000000 63.000000
650.000000 65.000000 -63.000000
580.000000 68.930771 -63.000000
580.000000 68.930771 63.000000
650.000000 65.000000 63.000000
115.000000 -62.500000 -47.000000
115.000000 -62.500000 6.000000
115.000000 95.042305 -47.000000
115.000000 95.042305 6.000000
0.000000 101.500000 63.000004
355.000000 81.565384 59.000000
355.000000 81.565384 63.000000
0.000000 101.500000 58.999996
355.000000 81.565384 -63.000000
0.000000 101.500000 -62.999996
115.000008 95.042305 -62.999996
0.000000 101.500000 -47.000000
115.000008 95.042305 58.999996
0.000000 101.500000 5.999998
0
16
4 0 1 2 3
4 4 5 6 7
4 8 7 6 9
4 8 10 11 0
4 12 13 1 11
4 10 9 14 15
4 16 17 13 12
4 15 16 12 10
4 18 19 21 20
4 22 3 2 17
4 23 25 22 24
4 20 28 27 29
4 30 21 31 25
4 24 16 15 26
4 30 23 26 28
4 27 14 5 4
0
0
6
48
712.785217 16.823236 101.000000
712.785217 16.823236 100.000000
706.291687 32.500000 101.000000
706.291687 32.500000 100.000000
695.961975 45.961941 101.000000
695.961975 45.961941 100.000000
682.500061 56.291653 101.000000
682.500061 56.291653 100.000000
666.823303 62.785179 101.000000
666.823303 62.785179 100.000000
650.000061 65.000000 101.000000
650.000061 65.000000 100.000000
633.176819 62.785179 101.000000
633.176819 62.785179 100.000000
617.500061 56.291649 101.000000
617.500061 56.291649 100.000000
604.038147 45.961941 101.000000
604.038147 45.961941 100.000000
593.708435 32.500004 101.000000
593.708435 32.500004 100.000000
587.214905 16.823242 101.000000
587.214905 16.823242 100.000000
585.000061 0.000000 101.000000
585.000061 0.000000 100.000000
587.214905 -16.823242 101.000000
587.214905 -16.823242 100.000000
593.708435 -32.500000 101.000000
593.708435 -32.500000 100.000000
604.038086 -45.961937 101.000000
604.038086 -45.961937 100.000000
617.500061 -56.291656 101.000000
617.500061 -56.291656 100.000000
633.176819 -62.785179 101.000000
633.176819 -62.785179 100.000000
650.000061 -65.000000 101.000000
650.000061 -65.000000 100.000000
666.823303 -62.785179 101.000000
666.823303 -62.785179 100.000000
682.500061 -56.291653 101.000000
682.500061 -56.291653 100.000000
695.961975 -45.961948 101.000000
695.961975 -45.961948 100.000000
706.291687 -32.500011 101.000000
706.291687 -32.500011 100.000000
712.785217 -16.823225 101.000000
712.785217 -16.823225 100.000000
715.000061 0.000000 101.000000
715.000061 0.000000 100.000000
0
26
4 47 1 0 46
4 1 3 2 0
4 3 5 4 2
4 5 7 6 4
4 7 9 8 6
4 9 11 10 8
4 11 13 12 10
4 13 15 14 12
4 15 17 16 14
4 17 19 18 16
4 19 21 20 18
4 21 23 22 20
4 23 25 24 22
4 25 27 26 24
4 27 29 28 26
4 29 31 30 28
4 31 33 32 30
4 33 35 34 32
4 35 37 36 34
4 37 39 38 36
4 39 41 40 38
4 41 43 42 40
4 43 45 44 42
4 45 47 46 44
24 47 45 43 41 39 37 35 33 31 29 27 25 23 21 19 17
   15 13 11 9 7 5 3 1
24 46 0 2 4 6 8 10 12 14 16 18 20 22 24 26 28
   30 32 34 36 38 40 42 44
0
0
6
48
587.214844 16.823238 -101.000000
587.214844 16.823238 -100.000000
593.708374 32.500000 -101.000000
593.708374 32.500000 -100.000000
604.038086 45.961941 -101.000000
604.038086 45.961941 -100.000000
617.500000 56.291653 -101.000000
617.500000 56.291653 -100.000000
633.176758 62.785179 -101.000000
633.176758 62.785179 -100.000000
650.000000 65.000000 -101.000000
650.000000 65.000000 -100.000000
666.823242 62.785179 -101.000000
666.823242 62.785179 -100.000000
682.500000 56.291649 -101.000000
682.500000 56.291649 -100.000000
695.961914 45.961941 -101.000000
695.961914 45.961941 -100.000000
706.291626 32.500004 -101.000000
706.291626 32.500004 -100.000000
712.785156 16.823244 -101.000000
712.785156 16.823244 -100.000000
715.000000 0.000000 -101.000000
715.000000 0.000000 -100.000000
712.785156 -16.823240 -101.000000
712.785156 -16.823240 -100.000000
706.291626 -32.500000 -101.000000
706.291626 -32.500000 -100.000000
695.961914 -45.961937 -101.000000
695.961914 -45.961937 -100.000000
682.500000 -56.291656 -101.000000
682.500000 -56.291656 -100.000000
666.823242 -62.785179 -101.000000
666.823242 -62.785179 -100.000000
650.000000 -65.000000 -101.000000
650.000000 -65.000000 -100.000000
633.176758 -62.785179 -101.000000
633.176758 -62.785179 -100.000000
617.500000 -56.291653 -101.000000
617.500000 -56.291653 -100.000000
604.038086 -45.961948 -101.000000
604.038086 -45.961948 -100.000000
593.708374 -32.500011 -101.000000
593.708374 -32.500011 -100.000000
587.214844 -16.823223 -101.000000
587.214844 -16.823223 -100.000000
585.000000 0.000000 -101.000000
585.000000 0.000000 -100.000000
0
26
4 47 1 0 46
4 1 3 2 0
4 3 5 4 2
4 5 7 6 4
4 7 9 8 6
4 9 11 10 8
4 11 13 12 10
4 13 15 14 12
4 15 17 16 14
4 17 19 18 16
4 19 21 20 18
4 21 23 22 20
4 23 25 24 22
4 25 27 26 24
4 27 29 28 26
4 29 31 30 28
4 31 33 32 30
4 33 35 34 32
4 35 37 36 34
4 37 39 38 36
4 39 41 40 38
4 41 43 42 40
4 43 45 44 42
4 45 47 46 44
24 47 45 43 41 39 37 35 33 31 29 27 25 23 21 19 17
   15 13 11 9 7 5 3 1
24 46 0 2 4 6 8 10 12 14 16 18 20 22 24 26 28
   30 32 34 36 38 40 42 44
0
0
