12
SRA166L-01
1
70
-1
6
0
0
0
1
0
0
NOPROGRAM
71
0
1
2
3
4
5
6
7
8
9
10
11
12
13
14
15
16
17
18
19
20
21
22
23
24
25
26
27
28
29
30
31
32
33
34
35
36
37
38
39
40
41
42
43
44
45
46
47
48
49
50
51
52
53
54
55
56
57
58
59
60
61
62
63
64
65
66
67
68
69
70
1
32
1
8
NACHI FD
0
0.05
4500 4500 5000
360 360 360
720 720 720
0.5 0.5 0.5
0 0
1 1 1 0.1 0.1 0.5 0
0 1 0 2 1 2 1 1
kin_rob_generic_NRU
none
none
6
1 1 1 1 1 1 1 1
Config_1
Config_2
Config_3
Config_4
Config_5
Config_6
Config_7
Config_8
1
mot_joint_nachi_0
mot_straight_0
mot_straight_0
mot_joint_nachi_0
mot_aux1_0
mot_aux2_0
0 0 0 0 0 0
0 0 0 0 0 0
0 90 0 0 0 0
1
0 90 0 0 0 0
=dof(1)
=dof(2)
=dof(3)
=dof(4)
=dof(5)
=dof(6)
1 2 3 4 5 6
18 -17 -17 16 -17 16
0 0 0 0 0 0
0 0 0 0 0 0
1 1 1
0 0 1 0
-0 -1 0 0
1 -0 0 0
225 0 0 1
1
1 0 0 0
0 1 0 0
0 0 1 0
0 0 0 1
1 0 0 0
0 1 0 0
0 0 1 0
0 0 0 1
1 0 0 0
0 1 0 0
0 0 1 0
0 0 0 1
1 0 0 0
0 1 0 0
0 0 1 0
0 0 0 1
1 0 0 0
0 1 0 0
0 0 1 0
0 0 0 1
1 0 0 0
0 1 0 0
0 0 1 0
0 0 0 1
1 0 0 0
0 1 0 0
0 0 1 0
0 0 0 1
1 0 0 0
0 1 0 0
0 0 1 0
0 0 0 1
1 0 0 0
0 1 0 0
0 0 1 0
0 0 0 1
1 0 0 0
0 1 0 0
0 0 1 0
0 0 0 1
1 0 0 0
0 1 0 0
0 0 1 0
0 0 0 1
1 0 0 0
0 1 0 0
0 0 1 0
0 0 0 1
1 0 0 0
0 1 0 0
0 0 1 0
0 0 0 1
1 0 0 0
0 1 0 0
0 0 1 0
0 0 0 1
1 0 0 0
0 1 0 0
0 0 1 0
0 0 0 1
1 0 0 0
0 1 0 0
0 0 1 0
0 0 0 1
1 0 0 0
0 1 0 0
0 0 1 0
0 0 0 1
1 0 0 0
0 1 0 0
0 0 1 0
0 0 0 1
1 0 0 0
0 1 0 0
0 0 1 0
0 0 0 1
1 0 0 0
0 1 0 0
0 0 1 0
0 0 0 1
1 0 0 0
0 1 0 0
0 0 1 0
0 0 0 1
1 0 0 0
0 1 0 0
0 0 1 0
0 0 0 1
1 0 0 0
0 1 0 0
0 0 1 0
0 0 0 1
1 0 0 0
0 1 0 0
0 0 1 0
0 0 0 1
1 0 0 0
0 1 0 0
0 0 1 0
0 0 0 1
1 0 0 0
0 1 0 0
0 0 1 0
0 0 0 1
1 0 0 0
0 1 0 0
0 0 1 0
0 0 0 1
1 0 0 0
0 1 0 0
0 0 1 0
0 0 0 1
1 0 0 0
0 1 0 0
0 0 1 0
0 0 0 1
1 0 0 0
0 1 0 0
0 0 1 0
0 0 0 1
1 0 0 0
0 1 0 0
0 0 1 0
0 0 0 1
1 0 0 0
0 1 0 0
0 0 1 0
0 0 0 1
1
1 0 0 0
0 1 0 0
0 0 1 0
0 0 0 1
0 0 0 0 0 0
0 0 0 0 0 0
0 0 0 0 0 0 0 0
-3.14161
0.174533
=ramp(dof(2)*DEG,68.444,-81,10,-53.356)*RAD
-6.2832
-2.26895
-6.2832
3.14161
2.61801
1.5708
6.2832
2.26895
6.2832
115 105 113 140 173 260
775 707 760 943 1169 1784
0.5 0.5 0.5 0.5 0.5 0.5
0 0 0 0 0 0
0 0 0 0 0 0
63
6
0 0
*
*
*
*
*
*
*
*
*
*
DEFAULT
0
0
0
*
*
*
*
Home_1
0
*
Joint 1
Joint 2
Joint 3
Joint 4
Joint 5
Joint 6
Utool 1
Utool 2
Utool 3
Utool 4
Utool 5
Utool 6
Utool 7
Utool 8
Utool 9
Utool 10
Utool 11
Utool 12
Utool 13
Utool 14
Utool 15
Utool 16
Utool 17
Utool 18
Utool 19
Utool 20
Utool 21
Utool 22
Utool 23
Utool 24
Utool 25
Utool 26
Utool 27
Utool 28
Utool 29
Utool 30
Utool 31
Utool 32
Uframe 1
0 0 0
5
0.1 0.00174533
0 0 1.43466 0 0 0
0 1 1 0 1 0
1 2 3 4 5 6
0 0 0 0 0 0
-0.1357188671827316 2.226622507622573e-016 -0.9907473921775818 0
4.33069438088296e-008 1 -5.93245985669455e-009 0
0.9907473921775818 -4.371138828673793e-008 -0.1357188671827316 0
0 0 0 1
1 6.123031769111886e-017 0 0
-6.123031769111886e-017 1 0 0
0 -0 1 0
0 -0 -640 1
6.123031769111886e-017 6.123031769111886e-017 -1 0
-3.749151804555344e-033 1 6.123031769111886e-017 0
1 0 6.123031769111886e-017 0
-1.13686837721616e-013 -0 -6.961081190993225e-030 1
0 0 1.03785e-013 0 4.96941e-021 0
305 1190 1473.64 6.96108e-030 -4.96941e-021 0
11
*NACHI-AX
*NACHI-AX
1 1 1 1 1 1
1 1 1 1 1 1
0 0 0 0
*
*
*
*
*
*
0
0
no_app_file
3
NACHI/FD/SRA166L-01.par
0 1 1 1
1
6
10 1 1 327685 0 0 
-1 -1
-1 -1 -1
-1 -1 -1
-1 -1 -1
7
0
0 267 0
Device Sequence Information
2
*
0
*
-1 1 1 262145 0 
-1 1
1 1 1
-1 -1 -1
-1 -1 -1
1 0 0 0
0 1 0 0
0 0 1 0
0 0 0 1
NACHI/SRA166L-01.0
0
0
0
10
0
*
*
*
*
*SRA166L-01.0
0
**BEGIN_ATTRIBUTES**
0
**END_ATTRIBUTES**
1
-1 1 1 262145 0 
-1 1
1 1 1
-1 -1 -1
-1 -1 -1
1 0 0 0
0 1 0 0
0 0 1 0
0 0 640 1
NACHI/SRA166L-01.1
2 5 18
1 1
0
10
0
*
*
*
*
*SRA166L-01.1
0
**BEGIN_ATTRIBUTES**
0
**END_ATTRIBUTES**
1
-1 1 1 262145 0 
-1 1
1 1 1
-1 -1 -1
-1 -1 -1
0.9642491936683655 0 0.2649973034858704 0
0 1 -0 0
-0.2649973034858704 0 0.9642491936683655 0
348 0 -231 1
NACHI/SRA166L-01.1a
2 5 17
0
1
=sasa(820, 79.5*RAD+dof(2), 235)
10
0
*
*
*
*
*SRA166L-01.1a
0
**BEGIN_ATTRIBUTES**
0
**END_ATTRIBUTES**
01
-1 1 1 262145 0 
-1 1
1 1 1
-1 -1 -1
-1 -1 -1
6.123031769111886e-017 0 -1 0
0 1 0 0
1 -0 6.123031769111886e-017 0
305 0 0 1
NACHI/SRA166L-01.2
2 5 -17
1 2
0
10
0
*
*
*
*
*SRA166L-01.2
0
**BEGIN_ATTRIBUTES**
0
**END_ATTRIBUTES**
1
-1 1 1 262145 0 
-1 1
1 1 1
-1 -1 -1
-1 -1 -1
0.9963946342468262 0 0.08483937382698059 0
0 1 -0 0
-0.08483937382698059 0 0.9963946342468262 0
-90 0 815 1
NACHI/SRA166L-01.2a
2 5 17
0
1
=-sasa(235, 79.5*RAD+dof(2), 820)
10
0
*
*
*
*
*SRA166L-01.2a
0
**BEGIN_ATTRIBUTES**
0
**END_ATTRIBUTES**
01
-1 1 1 262145 0 
-1 1
1 1 1
-1 -1 -1
-1 -1 -1
1 0 0 0
0 1 0 0
0 0 1 0
0 0 1190 1
NACHI/SRA166L-01.3
2 5 -17
1 3
0
10
0
*
*
*
*
*SRA166L-01.3
0
**BEGIN_ATTRIBUTES**
0
**END_ATTRIBUTES**
1
-1 1 1 262145 0 
-1 1
1 1 1
-1 -1 -1
-1 -1 -1
1 0 0 0
0 1 0 0
0 0 1 0
1460 0 200 1
NACHI/SRA166L-01.4
2 5 16
1 4
0
10
0
*
*
*
*
*SRA166L-01.4
0
**BEGIN_ATTRIBUTES**
0
**END_ATTRIBUTES**
1
-1 1 1 262145 0 
-1 1
1 1 1
-1 -1 -1
-1 -1 -1
1 0 0 0
0 1 0 0
0 0 1 0
0 0 0 1
NACHI/SRA166L-01.5
2 5 -17
1 5
0
10
0
*
*
*
*
*SRA166L-01.5
0
**BEGIN_ATTRIBUTES**
0
**END_ATTRIBUTES**
1
-1 1 1 262145 0 
-1 1
1 1 1
-1 -1 -1
-1 -1 -1
1 0 0 0
0 1 0 0
0 0 1 0
0 0 0 1
NACHI/SRA166L-01.6
2 5 16
1 6
0
10
0
*
*
*
*
*SRA166L-01.6
0
**BEGIN_ATTRIBUTES**
0
**END_ATTRIBUTES**
00000008
0
0
1
3
5
6
7
8
0
22
0
0
0
0
0
0
0
0
0
0
0
0
0
0
**BEGIN_ATTRIBUTES**
5
1
1
Robot Name
3 1 0 0
*SRA166L-01
**END_ATTRIBUTES**
