12
ES200RD-J00
1
16
-1
6
0
0
0
1
0
0
NOPROGRAM
17
0
1
2
3
4
5
6
7
8
9
10
11
12
13
14
15
16
1
2
1
8
MOTOMAN MRC
0
0.004
1600 1600 5000
360 360 360
720 720 720
0.5 0.5 0.5
0 0
1 1 1 0 0.1 0.5 0
0 1 0 2 0 2 0 1
kin_rob_generic_MRU
none
none
6
1 1 1 1 1 1 1 1
Config_1
Config_2
Config_3
Config_4
Config_5
Config_6
Config_7
Config_8
1
mot_joint_motoman_0
mot_straight_motoman_0
mot_straight_motoman_0
mot_joint_motoman_0
mot_aux1_0
mot_aux2_0
0 0 0 0 0 0
0 0 0 0 0 0
0 0 -90 0 0 0
1
0 0 -90 0 0 0
=dof(1)
=dof(2)
=dof(3)
=dof(4)
=dof(5)
=dof(6)
1 2 3 4 5 6
18 -17 -17 16 -17 16
0 0 0 0 0 0
0 0 0 0 0 0
1 1 1
7.549790126404332e-008 -4.219379440231412e-022 1 0
1.509958025280866e-007 -1 -1.139986661248841e-014 0
1 1.509958025280866e-007 -7.549790126404332e-008 0
250 0 0 1
1
1 0 0 0
0 1 0 0
0 0 1 0
0 0 0 1
7.549790126404332e-008 -4.219379440231412e-022 1 0
1.509958025280866e-007 -1 -1.139986661248841e-014 0
1 1.509958025280866e-007 -7.549790126404332e-008 0
0 0 -250 1
1
1 0 0 0
0 1 0 0
0 0 1 0
0 0 0 1
0 0 0 0 0 0
0 0 0 0 0 0
0 0 0 0 0 0 0 0
-3.14159
-1.39626
=ramp(dof(2)*DEG,0,-168.4,-80,-117)*RAD
-6.28319
-2.18166
-6.28319
3.14159
2.26893
-0.20944
6.28319
2.18166
6.28319
90 85 85 120 120 190
900 85 266 250 364 704
0.1 1 0.32 0.48 0.33 0.27
0 0 0 0 0 0
0 0 0 0 0 0
33
6
0 0
*
*
*
*
*
*
*
*
*
*
DEFAULT
0
0
0
*
*
*
*
Home_1
0
*
Joint 1
Joint 2
Joint 3
Joint 4
Joint 5
Joint 6
Utool 1
Utool 2
Uframe 1
0 0 0
5
0.1 0.00174533
0 0 -0.201317 0 0 0
0 1 1 0 1 0
1 2 3 4 5 6
0 0 0 0 0 0
-0.1999600976705551 4.15557540296512e-017 -0.9798040390014648 0
4.282859578097487e-008 1 -8.740533630202663e-009 0
0.9798040390014648 -4.371138828673793e-008 -0.1999600976705551 0
0 0 0 1
1 0 0 0
0 1 0 0
0 0 1 0
0 0 8.305163646582514e-006 1
6.123031769111886e-017 6.123031769111886e-017 -1 0
-3.749151804555344e-033 1 6.123031769111886e-017 0
1 0 6.123031769111886e-017 0
0 -0 0 1
0 0 0 0 0 0
740 1150 1250.25 0 -0 0
11
*MOT-MRC
*MOT-MRC
1 1 1 1 1 1
1 1 1 1 1 1
0 0 0 0
*
*
*
*
*
*
0
0
no_app_file
3
MOTOMAN/DX200/ES200RD-J00.par
0 1 1 1
1
6
24 1 1 327684 0 0 
-1 -1
-1 -1 -1
-1 -1 -1
-1 -1 -1
7
0
0 267 0
Device Sequence Information
2
*
0
*
-1 1 1 262145 0 
-1 1
1 1 1
-1 -1 -1
-1 -1 -1
1 0 0 0
0 1 0 0
0 0 1 0
0 0 450 1
MOTOMAN/ES200RD2.0
0
0
0
10
0
*
*
*
*
*ES200RD2.0
0
**BEGIN_ATTRIBUTES**
0
**END_ATTRIBUTES**
1
-1 1 1 262145 0 
-1 1
1 1 1
-1 -1 -1
-1 -1 -1
1 0 0 0
0 1 0 0
0 0 1 0
0 0 0 1
MOTOMAN/ES200RD2.1
2 5 18
1 1
0
10
0
*
*
*
*
*ES200RD2.1
0
**BEGIN_ATTRIBUTES**
0
**END_ATTRIBUTES**
1
-1 1 1 262145 0 
-1 1
1 1 1
-1 -1 -1
-1 -1 -1
1 0 0 0
0 1 0 0
0 0 1 0
740 -190 0 1
MOTOMAN/ES200RD2.2
2 5 -17
1 2
0
10
0
*
*
*
*
*ES200RD2.2
0
**BEGIN_ATTRIBUTES**
0
**END_ATTRIBUTES**
1
-1 1 1 262145 0 
-1 1
1 1 1
-1 -1 -1
-1 -1 -1
1 0 0 0
0 1 0 0
0 0 1 0
1150 0 0 1
MOTOMAN/ES200RD2.3
2 5 -17
1 3
0
10
0
*
*
*
*
*ES200RD2.3
0
**BEGIN_ATTRIBUTES**
0
**END_ATTRIBUTES**
1
-1 1 1 262145 0 
-1 1
1 1 1
-1 -1 -1
-1 -1 -1
1 0 0 0
0 1 0 0
0 0 1 0
1225 190 250 1
MOTOMAN/ES200RD2.4
2 5 16
1 4
0
10
0
*
*
*
*
*ES200RD2.4
0
**BEGIN_ATTRIBUTES**
0
**END_ATTRIBUTES**
1
-1 1 1 262145 0 
-1 1
1 1 1
-1 -1 -1
-1 -1 -1
1 0 0 0
0 1 0 0
0 0 1 0
0 0 0 1
MOTOMAN/ES200RD2.5
2 5 -17
1 5
0
10
0
*
*
*
*
*ES200RD2.5
0
**BEGIN_ATTRIBUTES**
0
**END_ATTRIBUTES**
1
27 1 1 262145 0 
-1 1
1 1 1
-1 -1 -1
-1 -1 -1
1 0 0 0
0 1 0 0
0 0 1 0
0 0 0 1
MOTOMAN/ES200RD2.6
2 5 16
1 6
0
10
0
*
*
*
*
*ES200RD2.6
0
**BEGIN_ATTRIBUTES**
0
**END_ATTRIBUTES**
00001
-1 1 1 262145 0 
-1 1
1 1 1
-1 -1 -1
-1 -1 -1
0.9923844933509827 0 -0.1231790632009506 0
0 1 0 0
0.1231790632009506 -0 0.9923844933509827 0
126.18701171875 0 180.2134246826172 1
MOTOMAN/ES200RD2.2a
2 5 17
0
1
=b10=sssa(1049.95,220,1134.83);b20=sssa(1134.83,220,1049.95);sasa(1049.94,b20-dof(2),220)-b10
10
0
*
*
*
*
*ES200RD2.2a
0
**BEGIN_ATTRIBUTES**
0
**END_ATTRIBUTES**
001
-1 1 1 262145 0 
-1 1
1 1 1
-1 -1 -1
-1 -1 -1
0.9923844933509827 0 -0.1231790632009506 0
0 1 0 0
0.1231790632009506 -0 0.9923844933509827 0
-260 -190 320 1
MOTOMAN/ES200RD2.1a
2 5 17
0
1
=a10=sssa(220,1134.83,1049.95);a20=sssa(1134.83,220,1049.95);a10-sasa(220,a20-dof(2),1049.94)
10
0
*
*
*
*
*ES200RD2.1a
0
**BEGIN_ATTRIBUTES**
0
**END_ATTRIBUTES**
0006
0
0
1
2
3
4
5
6
0
22
0
0
0
0
0
0
0
0
0
0
0
0
0
0
**BEGIN_ATTRIBUTES**
5
1
1
Robot Name
3 1 0 0
*ES200RD-J00
**END_ATTRIBUTES**
