12
MH00400-J00
1
16
-1
6
0
0
0
1
0
0
NOPROGRAM
17
0
1
2
3
4
5
6
7
8
9
10
11
12
13
14
15
16
1
2
1
8
MOTOMAN MRC
0
0.016
1600 1600 5000
360 360 360
720 720 720
0.5 0.5 0.5
0 0
1 2000 1 1 0.1 0.5 0
0 0 0 2 1 2 0 0
kin_rob_generic_MRU
none
none
6
1 1 0 0 0 0 0 0
Config_1
Config_2
Config_3
Config_4
Config_5
Config_6
Config_7
Config_8
1
mot_joint_motoman_0
mot_straight_motoman_0
mot_straight_motoman_0
mot_joint_motoman_0
mot_aux1_0
mot_aux2_0
0 0 0 0 0 0
0 0 0 0 0 0
0 90 0 0 0 0
1
0 90 0 0 0 0
=dof(1)
=dof(2)
=-dof(3)+DOF(2)
=dof(4)
=dof(5)
=dof(6)
1 2 3 4 5 6
18 -17 17 16 -17 16
0 0 0 0 0 0
0 0 0 0 0 0
1 1 1
0 0 1 0
-0 -1 0 0
1 -0 0 0
300 0 0 1
1
1 0 0 0
0 1 0 0
0 0 1 0
0 0 0 1
0 0 1 0
0 -1 0 0
1 0 -0 0
0 0 -300 1
1
1 0 0 0
0 1 0 0
0 0 1 0
0 0 0 1
0 0 0 0 0 0
0 0 0 0 0 0
0 0 0 0 0 0 0 0
-3.14159
0.506145
=ramp(dof(2)*DEG,41,-113,145,-9)*RAD
-6.28319
-2.00713
-6.28319
3.14159
2.53073
=ramp(dof(2)*DEG,29,0,47,18)*RAD
6.28319
2.00713
6.28319
102 97 97 80 80 172
255 88 88 100 100 215
0.5 0.5 0.5 0.5 0.5 0.5
0 0 0 0 0 0
0 0 0 0 0 0
33
6
0 0
*
*
*
*
*
*
*
*
*
*
DEFAULT
0
0
0
*
*
*
*
Home_1
0
*
Joint 1
Joint 2
Joint 3
Joint 4
Joint 5
Joint 6
Utool 1
Utool 2
Uframe 1
0 0 0
5
0.1 0.00174533
0 0 -0.154522 0 0 0
0 1 0 0 1 0
1 2 3 4 5 6
0 0 0 0 0 0
-0.15390744805336 -2.07851403223483e-016 -0.9880852699279785 0
4.319057822499417e-008 1 -6.727508328197018e-009 0
0.9880852699279785 -4.371138828673793e-008 -0.15390744805336 0
0 0 0 1
1 6.123031769111886e-017 0 0
-6.123031769111886e-017 1 0 0
0 -0 1 0
0 -0 -1.070584869171096e-021 1
6.123031769111886e-017 6.123031769111886e-017 -1 0
-3.749151804555344e-033 1 6.123031769111886e-017 0
1 0 6.123031769111886e-017 0
0 -0 0 1
0 0 1.04092e-013 0 0 0
400 1050 1624.35 0 -0 0
11
*MOT-MRC
*MOT-MRC
1 1 1 1 1 1
1 1 1 1 1 1
0 0 0 0
*
*
*
*
*
*
0
0
no_app_file
3
MOTOMAN/DX200/MH00400-J00.par
0 1 1 1
1
6
24 1 1 327684 0 0 
-1 -1
-1 -1 -1
-1 -1 -1
-1 -1 -1
7
0
0 363 0
Device Sequence Information
2
*
0
*
-1 1 1 262145 0 
-1 1
1 1 1
-1 -1 -1
-1 -1 -1
1 0 0 0
0 1 0 0
0 0 1 0
0 0 900 1
Motoman/MH00400.0
0
0
0
10
0
*
*
*
*
*MH00400.0
0
**BEGIN_ATTRIBUTES**
0
**END_ATTRIBUTES**
1
-1 1 1 262145 0 
-1 1
1 1 1
-1 -1 -1
-1 -1 -1
1 0 0 0
0 1 0 0
0 0 1 0
0 0 0 1
Motoman/MH00400.1
2 5 18
1 1
0
10
0
*
*
*
*
*MH00400.1
0
**BEGIN_ATTRIBUTES**
0
**END_ATTRIBUTES**
1
-1 1 1 262145 0 
-1 1
1 1 1
-1 -1 -1
-1 -1 -1
-4.371138828673793e-008 0 -1 0
0 1 0 0
1 0 -4.371138828673793e-008 0
400 0 0 1
Motoman/MH00400.2
2 5 -17
1 2
0
10
0
*
*
*
*
*MH00400.2
0
**BEGIN_ATTRIBUTES**
0
**END_ATTRIBUTES**
1
-1 1 1 262145 0 
-1 1
1 1 1
-1 -1 -1
-1 -1 -1
0.9848077297210693 0 0.1736481785774231 0
0 1 -0 0
-0.1736481785774231 0 0.9848077297210693 0
-216.6580047607422 220 -38.20001220703125 1
Motoman/MH00400.piston
2 5 17
0
1
=PI-sasa(600,DOF(2)-PI/2,220)
10
0
*
*
*
*
*MH00400.piston
0
**BEGIN_ATTRIBUTES**
0
**END_ATTRIBUTES**
01
-1 1 1 262145 0 
-1 1
1 1 1
-1 -1 -1
-1 -1 -1
-4.371138828673793e-008 0 1 0
0 1 0 0
-1 0 -4.371138828673793e-008 0
0 0 1050 1
Motoman/MH00400.3
2 5 17
0
1
=-dof(3)+DOF(2)
10
0
*
*
*
*
*MH00400.3
0
**BEGIN_ATTRIBUTES**
0
**END_ATTRIBUTES**
1
-1 1 1 262145 0 
-1 1
1 1 1
-1 -1 -1
-1 -1 -1
1 0 0 0
0 1 0 0
0 0 1 0
1605 0 250 1
Motoman/MH00400.4
2 5 16
1 4
0
10
0
*
*
*
*
*MH00400.4
0
**BEGIN_ATTRIBUTES**
0
**END_ATTRIBUTES**
1
-1 1 1 262145 0 
-1 1
1 1 1
-1 -1 -1
-1 -1 -1
1 0 0 0
0 1 0 0
0 0 1 0
0 0 0 1
Motoman/MH00400.5
2 5 -17
1 5
0
10
0
*
*
*
*
*MH00400.5
0
**BEGIN_ATTRIBUTES**
0
**END_ATTRIBUTES**
1
21 1 1 262145 0 
-1 1
1 1 1
-1 -1 -1
-1 -1 -1
1 0 0 0
0 1 0 0
0 0 1 0
0 0 0 1
Motoman/MH00400.6
2 5 16
1 6
0
10
0
*
*
*
*
*MH00400.6
0
**BEGIN_ATTRIBUTES**
0
**END_ATTRIBUTES**
000001
-1 1 1 262145 0 
-1 1
1 1 1
-1 -1 -1
-1 -1 -1
1 0 0 0
0 1 0 0
0 0 1 0
400 0 0 1
Motoman/MH00400.2a
2 5 17
0
1
=-dof(3)
10
0
*
*
*
*
*MH00400.2a
0
**BEGIN_ATTRIBUTES**
0
**END_ATTRIBUTES**
1
-1 1 1 262145 0 
-1 1
1 1 1
-1 -1 -1
-1 -1 -1
7.549790126404332e-008 0 -1 0
0 1 0 0
1 -0 7.549790126404332e-008 0
-500 0 -3.353761712787673e-012 1
Motoman/MH00400.2b
2 5 17
0
1
=-dof(2)+dof(3)
10
0
*
*
*
*
*MH00400.2b
0
**BEGIN_ATTRIBUTES**
0
**END_ATTRIBUTES**
001
-1 1 1 262145 0 
-1 1
1 1 1
-1 -1 -1
-1 -1 -1
0.9848077297210693 0 0.1736481785774231 0
0 1 -0 0
-0.1736481785774231 0 0.9848077297210693 0
-190.8849945068359 220 -104.1890258789063 1
Motoman/MH00400.cylinder
2 5 17
0
1
=sasa(220,DOF(2)-PI/2,600)
10
0
*
*
*
*
*MH00400.cylinder
0
**BEGIN_ATTRIBUTES**
0
**END_ATTRIBUTES**
0007
0
0
1
2
4
5
6
7
0
22
0
0
0
0
0
0
0
0
0
0
0
0
0
0
**BEGIN_ATTRIBUTES**
5
1
1
Robot Name
3 1 0 0
*MH00400-J00
**END_ATTRIBUTES**
