12
MPX3500-A00
1
16
-1
6
0
0
0
1
0
0
NOPROGRAM
17
0
1
2
3
4
5
6
7
8
9
10
11
12
13
14
15
16
1
1
1
2
MOTOMAN DX200
0
0.01
2000 2000 5000
360 360 360
720 720 720
0.5 0.5 0.5
0 0
1 1 1 1 0.1 0.5 0
0 1 0 2 0 2 1 1
kin_behr_rp6
none
none
6
1 1
Config_1
Config_2
0
mot_joint_motoman_0
mot_straight_motoman_0
mot_straight_motoman_0
mot_joint_motoman_0
mot_aux1_0
mot_aux2_0
0 0 0 0 0 0
0 0 0 0 0 0
0 90 0 0 0 0
1
0 90 0 0 0 0
=dof(1)
=dof(2)+90*RAD
=dof(3)
=dof(4)
=dof(5)
=dof(6)
-99 -99 -99 -99 -99 -99
0 0 0 0 0 0
0 0 0 0 0 0
0 0 0 0 0 0
1 1 1
0 1 0 0
-1 0 0 0
0 0 1 0
-7.999999979801942e-006 0 123.0155334472656 1
1
1 0 0 0
0 1 0 0
0 0 1 0
0 0 0 1
1
1 0 4.371138828673793e-008 0
0 1 0 0
-4.371138828673793e-008 0 1 0
-3.7270569281073e-021 0 0 1
0 1300 1456.98 98.7 0 0
0 0 0 0 0 60
0 0 0 0 0 0 0 0
-2.61799
=(inrange(dof(1)*DEG,-35,35)*25-50)*RAD
=(ramp(dof(2)*DEG,155,-65,80,-53)+53+ramp(dof(2)*DEG,80,-53,-25,-30.5)+30.5+ramp(dof(2)*DEG,-25,-30.5,-50,-25))*RAD
-12.5664
-12.5664
-12.5664
2.61799
2.70526
1.5708
12.5664
12.5664
12.5664
100 100 110 300 360 360
222 222 244 1000 900 900
0.5 0.5 0.5 0.5 0.5 0.5
0 0 0 0 0 0
0 0 0 0 0 0
32
0
0 0
*
*
*
*
*
*
*
*
*
*
DEFAULT
0
0
0
*
*
*
*
Home_1
0
*
Joint 1
Joint 2
Joint 3
Joint 4
Joint 5
Joint 6
Utool 1
Uframe 1
0 0 0
8
0.1 0.00174533
0 0 0 0 0 0
0 0 0 0 0 0
1 2 3 4 5 6
0 0 0 0 0 0
1 0 0 0
0 1 0 0
0 0 1 0
0 0 0 1
1 0 0 0
0 1 0 0
0 0 1 0
0 0 0 1
1 0 0 0
0 1 0 0
0 0 1 0
0 0 0 1
0 0 0 0 0 0
0 0 0 0 0 0
11
*MOT-MRC
*MOT-MRC
1 1 1 1 1 1
1 1 1 1 1 1
0 0 0 0
*
*
*
*
*
*
0
0
no_app_file
3
MOTOMAN/DX200/MPX3500-A00.par
0 1 1 1
1
6
10 1 1 327684 0 0 
-1 -1
-1 -1 -1
-1 -1 -1
-1 -1 -1
7
0
0 267 0
Device Sequence Information
2
*
0
*
-1 1 1 262145 0 
-1 1
1 1 1
-1 -1 -1
-1 -1 -1
1 0 0 0
0 1 0 0
0 0 1 0
0 0 800 1
MOTOMAN/MPX3500-A00.0
0
0
0
10
0
*
*
*
*
*MPX3500-A00.0
0
**BEGIN_ATTRIBUTES**
0
**END_ATTRIBUTES**
1
-1 1 1 262145 0 
-1 1
1 1 1
-1 -1 -1
-1 -1 -1
1 0 0 0
0 1 0 0
0 0 1 0
0 0 0 1
MOTOMAN/MPX3500-A00.1
2 5 18
1 1
0
10
0
*
*
*
*
*MPX3500-A00.1
0
**BEGIN_ATTRIBUTES**
0
**END_ATTRIBUTES**
1
-1 1 1 262145 0 
-1 1
1 1 1
-1 -1 -1
-1 -1 -1
0 0 -1 0
0 1 0 0
1 0 0 0
-3.7270569281073e-021 0 8.526512829121202e-014 1
MOTOMAN/MPX3500-A00.2
2 5 -17
1 2
0
10
0
*
*
*
*
*MPX3500-A00.2
0
**BEGIN_ATTRIBUTES**
0
**END_ATTRIBUTES**
1
-1 1 1 262145 0 
-1 1
1 1 1
-1 -1 -1
-1 -1 -1
1 0 0 0
0 1 0 0
0 0 1 0
0 0 1300 1
MOTOMAN/MPX3500-A00.3
2 5 -17
1 3
0
10
0
*
*
*
*
*MPX3500-A00.3
0
**BEGIN_ATTRIBUTES**
0
**END_ATTRIBUTES**
1
-1 1 1 262145 0 
-1 1
1 1 1
-1 -1 -1
-1 -1 -1
-4.371138828673793e-008 -1 1.836909530733566e-016 0
-4.371138828673793e-008 1.726994512091348e-015 -1 0
1 -4.371138828673793e-008 -4.371138828673793e-008 0
1456.97998046875 1.560327388128169e-012 1.446640550406553e-012 1
MOTOMAN/MPX3500-A00.4
2 5 18
1 4
0
10
0
*
*
*
*
*MPX3500-A00.4
0
**BEGIN_ATTRIBUTES**
0
**END_ATTRIBUTES**
1
-1 1 1 262145 0 
-1 1
1 1 1
-1 -1 -1
-1 -1 -1
3.77489435265943e-008 0.4999999403953552 -0.866025447845459 0
-1 7.549790836947068e-008 6.508389831981704e-015 0
6.538311225767757e-008 0.866025447845459 0.4999999403953552 0
2.471621811297314e-013 98.69999694824219 4.250596532529016e-007 1
MOTOMAN/MPX3500-A00.5
2 5 18
1 5
0
10
0
*
*
*
*
*MPX3500-A00.5
0
**BEGIN_ATTRIBUTES**
0
**END_ATTRIBUTES**
1
-1 1 1 262145 0 
-1 1
1 1 1
-1 -1 -1
-1 -1 -1
-4.371138828673793e-008 1 -2.891342730287818e-016 0
-0.4999999701976776 -2.185569236701213e-008 -0.866025447845459 0
-0.866025447845459 -3.785517321830412e-008 0.4999999701976776 0
1.354984968492254e-014 5.922827251174919e-022 2.346903155484286e-014 1
MOTOMAN/MPX3500-A00.6
2 5 18
1 6
0
10
0
*
*
*
*
*MPX3500-A00.6
0
**BEGIN_ATTRIBUTES**
0
**END_ATTRIBUTES**
0001
-1 1 1 262145 0 
-1 1
1 1 1
-1 -1 -1
-1 -1 -1
1 0 0 0
0 1 0 0
0 0 1 0
0 0 0 1
MOTOMAN/MPX3500-A00.3a
0
0
0
10
0
*
*
*
*
*MPX3500-A00.3a
0
**BEGIN_ATTRIBUTES**
0
**END_ATTRIBUTES**
000006
0
0
0
0
0
0
0
0
0
22
0
0
0
0
0
0
0
0
0
0
0
0
0
0
**BEGIN_ATTRIBUTES**
5
1
1
Robot Name
3 1 0 0
*MPX3500-A00
**END_ATTRIBUTES**
