12
MS00210-A00G
1
16
-1
6
0
0
0
1
0
0
NOPROGRAM
17
0
1
2
3
4
5
6
7
8
9
10
11
12
13
14
15
16
1
2
1
8
MOTOMAN DX200
0
0.004
1600 1600 5000
360 360 360
720 720 720
0.5 0.5 0.5
0 0
1 1 1 1 0.1 0.5 0
0 1 0 2 0 2 0 1
kin_rob_generic_MRU
none
none
6
1 1 1 1 1 1 1 1
Config_1
Config_2
Config_3
Config_4
Config_5
Config_6
Config_7
Config_8
1
mot_joint_motoman_0
mot_straight_motoman_0
mot_straight_motoman_0
mot_joint_motoman_0
mot_aux1_0
mot_aux2_0
0 0 0 0 0 0
0 0 0 0 0 0
0 90 0 0 0 0
1
0 90 0 0 0 0
=dof(1)
=dof(2)
=dof(3)
=dof(4)
=dof(5)
=dof(6)
1 2 3 4 5 6
18 -17 -17 16 -17 16
0 0 0 0 0 0
0 0 0 0 0 0
1 1 1
0 0 1 0
0 -1 0 0
1 0 0 0
250 0 0 1
1
1 0 0 0
0 1 0 0
0 0 1 0
0 0 0 1
0 0 1 0
0 -1 0 0
1 0 0 0
0 0 -250 1
1
1 0 0 0
0 1 0 0
0 0 1 0
0 0 0 1
0 0 0 0 0 0
0 0 0 0 0 0
0 0 0 0 0 0 0 0
-3.14159
0.244346
=ramp(dof(2)*DEG,90,-86,14,-71)*RAD
-3.66519
-2.18166
-3.66519
3.14159
2.61799
=ramp(dof(2)*DEG,150,30,90,90)*RAD
3.66519
2.18166
3.66519
120 97 115 145 145 220
112 101 338 518 537 595
1.07 0.96 0.34 0.28 0.27 0.37
0 0 0 0 0 0
0 0 0 0 0 0
33
6
0 0
*
*
*
*
*
*
*
*
*
*
DEFAULT
0
0
0
*
*
*
*
Home_1
0
*
Joint 1
Joint 2
Joint 3
Joint 4
Joint 5
Joint 6
Utool 1
Utool 2
Uframe 1
0 0 0
5
0.1 0.00174533
0 5.30741e-008 1.33063 0 0 0
0 1 1 0 1 0
1 2 3 4 5 6
0 0 0 0 0 0
-0.2378687709569931 -1.736610241866816e-016 -0.9712973237037659 0
4.245676521463793e-008 1 -1.03975770215925e-008 0
0.9712973237037659 -4.371139894487897e-008 -0.2378687709569931 0
0 0 0 1
1 0 0 0
0 1 0 0
0 0 1 0
0 0 0 1
6.123031769111886e-017 6.123031769111886e-017 -1 0
-3.749151804555344e-033 1 6.123031769111886e-017 0
1 0 6.123031769111886e-017 0
0 0 0 1
0 0 1.83691e-014 0 0 0
325 1150 1261.2 0 0 0
11
*MOT-MRC
*MOT-MRC
1 1 1 1 1 1
1 1 1 1 1 1
0 0 0 0
*
*
*
*
*
*
0
2
no_app_file
3
MOTOMAN/DX200/MS00210-A00G.par
0 1 1 1
1
6
24 1 1 327684 0 0 
-1 -1
-1 -1 -1
-1 -1 -1
-1 -1 -1
7
0
0 267 0
Device Sequence Information
2
*
0
*
-1 1 1 262145 0 
-1 1
1 1 1
-1 -1 -1
-1 -1 -1
1 0 0 0
0 1 0 0
0 0 1 0
0 0 650 1
MOTOMAN/MS00210-A00G.0
0
0
0
10
0
*
*
*
*
*MS00210-A00G.0
0
**BEGIN_ATTRIBUTES**
0
**END_ATTRIBUTES**
1
-1 1 1 262145 0 
-1 1
1 1 1
-1 -1 -1
-1 -1 -1
1 0 0 0
0 1 0 0
0 0 1 0
0 0 0 1
MOTOMAN/MS00210-A00G.1
2 5 18
1 1
0
10
0
*
*
*
*
*MS00210-A00G.1
0
**BEGIN_ATTRIBUTES**
0
**END_ATTRIBUTES**
1
-1 1 1 262145 0 
-1 1
1 1 1
-1 -1 -1
-1 -1 -1
1 0 0 0
0 1 0 0
0 0 1 0
325 0 0 1
MOTOMAN/MS00210-A00G.2
2 5 -17
1 2
0
10
0
*
*
*
*
*MS00210-A00G.2
0
**BEGIN_ATTRIBUTES**
0
**END_ATTRIBUTES**
1
-1 1 1 262145 0 
-1 1
1 1 1
-1 -1 -1
-1 -1 -1
0 0 -1 0
0 1 0 0
1 0 0 0
1150 0 -7.79999973019585e-005 1
MOTOMAN/MS00210-A00G.3
2 5 -17
1 3
0
10
0
*
*
*
*
*MS00210-A00G.3
0
**BEGIN_ATTRIBUTES**
0
**END_ATTRIBUTES**
1
-1 1 1 262145 0 
-1 1
1 1 1
-1 -1 -1
-1 -1 -1
1 0 0 0
0 1 0 0
0 0 1 0
1225 0 300 1
MOTOMAN/MS00210-A00G.4
2 5 16
1 4
0
10
0
*
*
*
*
*MS00210-A00G.4
0
**BEGIN_ATTRIBUTES**
0
**END_ATTRIBUTES**
1
-1 1 1 262145 0 
-1 1
1 1 1
-1 -1 -1
-1 -1 -1
1 0 0 0
0 1 0 0
0 0 1 0
0 0 0 1
MOTOMAN/MS00210-A00G.5
2 5 -17
1 5
0
10
0
*
*
*
*
*MS00210-A00G.5
0
**BEGIN_ATTRIBUTES**
0
**END_ATTRIBUTES**
1
-1 1 1 262145 0 
-1 1
1 1 1
-1 -1 -1
-1 -1 -1
1 0 0 0
0 1 0 0
0 0 1 0
0 0 0 1
MOTOMAN/MS00210-A00G.6
2 5 16
1 6
0
10
0
*
*
*
*
*MS00210-A00G.6
0
**BEGIN_ATTRIBUTES**
0
**END_ATTRIBUTES**
00001
6 1 1 262145 0 
-1 1
1 1 1
-1 -1 -1
-1 -1 -1
0.07444401830434799 0 -0.9972252249717712 0
0 1 0 0
0.9972252249717712 0 0.07444401830434799 0
720 -144.4232940673828 -2.90000007225899e-005 1
MOTOMAN/MS00210-A00G.2a
2 5 17
0
1
=b2=sssa(980.468, 720, 267.883);c2=sssa(267.883, 720, 980.468);c2-sasa(267.883, b2+dof(2)-90*RAD, 720)
10
0
*
*
*
*
*MS00210-A00G.2a
0
**BEGIN_ATTRIBUTES**
0
**END_ATTRIBUTES**
001
6 1 1 262145 0 
-1 1
1 1 1
-1 -1 -1
-1 -1 -1
0.9972261786460877 0 0.07443101704120636 0
0 1 0 0
-0.07443101704120636 0 0.9972261786460877 0
397.9867553710938 -144.4232940673828 -257.7479248046875 1
MOTOMAN/MS00210-A00G.1a
2 5 17
0
1
=a1=sssa(720, 267.883, 980.468);b1=sssa(980.468, 720, 267.883);sasa(720, b1+dof(2)-90*RAD, 267.883)-a1
10
0
*
*
*
*
*MS00210-A00G.1a
0
**BEGIN_ATTRIBUTES**
0
**END_ATTRIBUTES**
0006
0
0
1
2
3
4
5
6
0
22
0
0
0
0
0
0
0
0
0
0
0
0
0
0
**BEGIN_ATTRIBUTES**
5
1
1
Robot Name
3 1 0 0
*MS00210-A00G
**END_ATTRIBUTES**
