12
K60C
1
16
-1
6
0
0
0
1
0
0
NOPROGRAM
17
0
1
2
3
4
5
6
7
8
9
10
11
12
13
14
15
16
1
1
1
8
MOTOMAN ERC
0
0.05
1600 1600 5000
360 360 360
720 720 720
0.5 0.5 0.5
0 0
1 375 1 0 0.1 0.5 0
0 0 0 2 1 2 0 0
kin_rob_generic_MRU
none
none
6
1 1 1 1 1 1 1 1
Config_1
Config_2
Config_3
Config_4
Config_5
Config_6
Config_7
Config_8
0
mot_joint_motoman_0
mot_straight_motoman_0
mot_straight_motoman_0
mot_joint_motoman_0
mot_aux1_0
mot_aux2_0
0 0 0 0 0 0
0 0 0 0 0 0
0 0 0 0 0 0
1
0 0 0 0 0 0
=dof(1)
=dof(2)
=-dof(3)-dof(2)
=dof(4)
=dof(5)
=dof(6)
1 2 3 4 5 6
18 17 17 16 -17 16
0 0 0 0 0 0
0 0 0 0 0 0
1 1 1
0 0 1 0
0 -1 0 0
1 0 0 0
235 0 -3.999999989900971e-006 1
1
1 0 0 0
0 1 0 0
0 0 1 0
0 0 0 1
1
1 0 0 0
0 1 0 0
0 0 1 0
0 0 0 1
0 0 0 0 0 0
0 0 0 0 0 0
0 0 0 0 0 0 0 0
-2.61799
-0.436332
=max(-110*RAD, -30.0*RAD-dof(2))
-3.14159
-2.35619
-6.10865
2.61799
1.5708
=min(30*RAD,60*RAD-dof(2))
3.14159
2.0944
6.10865
115 115 115 160 160 240
1150.21 579.305 579.305 1599.99 800 1199.98
0.5 0.5 0.5 0.5 0.5 0.5
0 0 0 0 0 0
0 0 0 0 0 0
32
6
0 0
*
*
*
*
*
*
*
*
*
*
DEFAULT
0
0
0
*
*
*
*
Home_1
0
*
Joint 1
Joint 2
Joint 3
Joint 4
Joint 5
Joint 6
Utool 1
Uframe 1
0 0 0
5
0.1 0.00174533
0 -2.0944 1.88786 0 0 0
0 0 0 0 1 0
1 2 3 4 5 6
0 0 0 0 0 0
-0.2050710171461105 1.200297037631771e-016 -0.9787470698356628 0
4.278238563415471e-008 1 -8.963937148109835e-009 0
0.9787470698356628 -4.371138118131057e-008 -0.2050710171461105 0
0 0 0 1
1 0 0 0
0 1 0 0
0 0 1 0
0 0 0 1
0 1.702219964721749e-021 -1 0
0 1 1.702219964721749e-021 0
1 0 0 0
0 0 0 1
0 0 0 0 0 0
250 800 1072.8 0 0 0
11
*MOT-ERC
*MOT-ERC
1 1 1 1 1 1
1 1 1 1 1 1
0 0 0 0
*
*
*
*
*
*
0
0
no_app_file
3
no_par_file
0 1 1 1
1
6
4 1 1 327684 0 0 
-1 -1
-1 -1 -1
-1 -1 -1
-1 -1 -1
7
0
0 267 0
Device Sequence Information
2
*
0
*
22 1 1 262145 0 
-1 1
1 1 1
-1 -1 -1
-1 -1 -1
1 0 0 0
0 1 0 0
0 0 1 0
0 0 720 1
MOTOMAN/K60.0
0
0
0
10
0
*
*
*
*
*K60.0
0
**BEGIN_ATTRIBUTES**
0
**END_ATTRIBUTES**
1
-1 1 1 262145 0 
-1 1
1 1 1
-1 -1 -1
-1 -1 -1
1 0 0 0
0 1 0 0
0 0 1 0
0 0 0 1
MOTOMAN/K60.1
2 5 18
1 1
0
10
0
*
*
*
*
*K60.1
0
**BEGIN_ATTRIBUTES**
0
**END_ATTRIBUTES**
1
-1 1 1 262145 0 
-1 1
1 1 1
-1 -1 -1
-1 -1 -1
1 0 0 0
0 1 0 0
0 0 1 0
250 0 0 1
MOTOMAN/K60.2b
2 5 -17
1 3
0
10
0
*
*
*
*
*K60.2b
0
**BEGIN_ATTRIBUTES**
0
**END_ATTRIBUTES**
01
-1 1 1 262145 0 
-1 1
1 1 1
-1 -1 -1
-1 -1 -1
0.8689401745796204 0 0.4949171245098114 0
0 1 0 0
-0.4949171245098114 0 0.8689401745796204 0
227.4730072021484 154.5 170.8000030517578 1
MOTOMAN/K60.1b
2 5 17
0
1
=sasa(200,dof(2)-30*RAD,750)+dof(2)
10
0
*
*
*
*
*K60.1b
0
**BEGIN_ATTRIBUTES**
0
**END_ATTRIBUTES**
01
-1 1 1 262145 0 
-1 1
1 1 1
-1 -1 -1
-1 -1 -1
1 0 0 0
0 1 0 0
0 0 1 0
250 0 0 1
MOTOMAN/K60.2
2 5 17
1 2
0
10
0
*
*
*
*
*K60.2
0
**BEGIN_ATTRIBUTES**
0
**END_ATTRIBUTES**
1
-1 1 1 262145 0 
-1 1
1 1 1
-1 -1 -1
-1 -1 -1
0.8689401745796204 0 0.4949171245098114 0
0 1 0 0
-0.4949171245098114 0 0.8689401745796204 0
-347.3200073242188 145 561.5770263671875 1
MOTOMAN/K60.2d
2 5 17
0
1
=sasa(200,dof(2)-30*RAD,750)
10
0
*
*
*
*
*K60.2d
0
**BEGIN_ATTRIBUTES**
0
**END_ATTRIBUTES**
01
-1 1 1 262145 0 
-1 1
1 1 1
-1 -1 -1
-1 -1 -1
1 0 0 0
0 1 0 0
0 0 1 0
-400 0 692.8200073242188 1
MOTOMAN/K60.3
2 5 17
0
1
=-dof(3)-DOF(2)
10
0
*
*
*
*
*K60.3
0
**BEGIN_ATTRIBUTES**
0
**END_ATTRIBUTES**
1
-1 1 1 262145 0 
-1 1
1 1 1
-1 -1 -1
-1 -1 -1
1 0 0 0
0 1 0 0
0 0 1 0
-360 0 -70 1
MOTOMAN/K60.2c
2 5 17
0
1
=dof(3)+DOF(2)
10
0
*
*
*
*
*K60.2c
0
**BEGIN_ATTRIBUTES**
0
**END_ATTRIBUTES**
01
-1 1 1 262145 0 
-1 1
1 1 1
-1 -1 -1
-1 -1 -1
1 0 0 0
0 1 0 0
0 0 1 0
1050 0 220 1
MOTOMAN/K60.4
2 5 16
1 4
0
10
0
*
*
*
*
*K60.4
0
**BEGIN_ATTRIBUTES**
0
**END_ATTRIBUTES**
1
-1 1 1 262145 0 
-1 1
1 1 1
-1 -1 -1
-1 -1 -1
1 0 0 0
0 1 0 0
0 0 1 0
0 0 0 1
MOTOMAN/K60.5
2 5 -17
1 5
0
10
0
*
*
*
*
*K60.5
0
**BEGIN_ATTRIBUTES**
0
**END_ATTRIBUTES**
1
22 1 1 262145 0 
-1 1
1 1 1
-1 -1 -1
-1 -1 -1
1 -8.85950017929073e-021 -1.947110041830655e-014 0
8.85950017929073e-021 1 -1.702219964721749e-021 0
1.947110041830655e-014 1.702219964721749e-021 1 0
0 0 0 1
MOTOMAN/K60.6
2 5 16
1 6
0
10
0
*
*
*
*
*K60.6
0
**BEGIN_ATTRIBUTES**
0
**END_ATTRIBUTES**
000000010
0
0
1
4
6
8
9
10
0
25
0
0
0
0
0
0
0
0
0
0
0
0
0
0
**BEGIN_ATTRIBUTES**
8
1
2
Robot Name
3 1 0 0
*K60C
.UUID
3 1 0 0
*0_107_39e38ded_79
**END_ATTRIBUTES**
