12
IRB_6700_300_270
1
16
-1
6
0
0
0
1
0
0
NOPROGRAM
17
0
1
2
3
4
5
6
7
8
9
10
11
12
13
14
15
16
1
2
1
8
ABB S4
0
0.042
1500 1500 5000
360 360 360
720 720 720
0.5 0.5 0.5
0 0
1 2500 0 2 0.02 0.5 0
0 0 0 2 0 2 1 0
kin_rob_generic_ARU
none
none
6
1 1 1 1 1 1 1 1
Config_1
Config_2
Config_3
Config_4
Config_5
Config_6
Config_7
Config_8
1
mot_joint_abb_0
mot_straight_abb_0
mot_straight_abb_0
mot_joint_abb_0
mot_aux1_0
mot_aux2_0
0 0 0 0 0 0
0 0 0 0 0 0
0 0 0 0 0 0
1
0 0 0 0 0 0
=dof(1)
=dof(2)
=$th3m=dof(3);$chkU=inrange($th3m,70*RAD,360*RAD);$th3m=$th3m-$chkU*2*PI;$th3m
=dof(4)
=dof(5)
=dof(6)
1 2 3 4 5 6
18 17 17 16 17 16
0 0 0 0 0 0
0 0 0 0 0 0
1 1 1
0 0 -1 0
0 1 0 0
1 0 0 0
220 0 0 1
1
1 0 0 0
0 1 0 0
0 0 1 0
0 0 0 1
1 0 0 0
0 1 0 0
0 0 1 0
0 0 -220 1
1
1 0 0 0
0 1 0 0
0 0 1 0
0 0 0 1
780 1125 1393 0 0 0
320 0 200 0 0 0
0 0 0 0 0 0 0 0
-2.96706
=-65*RAD
=inrange(dof(2)*DEG,-65,-59)*(-5752.7*dof(2)^3-19045.5*dof(2)^2-21013.5*dof(2)-7727.5)-inrange(dof(2)*DEG,-59,85)*180*RAD
-5.23599
-2.26893
-6.28319
2.96706
1.48353
1.22173
5.23599
2.26893
6.28319
100 88 90 140 110 180
180 180 180 180 180 180
0.5 0.5 0.5 0.5 0.5 0.5
0 0 0 0 0 0
0 0 0 0 0 0
33
6
0 0
*
*
*
*
*
*
*
*
*
*
IRB6600
0
0
0
*
*
*
*
Home_1
0
*
Joint 1
Joint 2
Joint 3
Joint 4
Joint 5
Joint 6
Utool 1
Utool 2
Uframe 1
0 0 0
5
0.1 0.00174533
0 -1.5708 1.40732 0 0 0
0 0 0 0 0 0
1 2 3 4 5 6
0 0 0 0 0 0
-0.162749320268631 8.70956069360518e-017 -0.9866674542427063 0
4.312860468758117e-008 1 -7.113998723440318e-009 0
0.9866674542427063 -4.371138828673793e-008 -0.162749320268631 0
0 0 0 1
1 0 0 0
0 1 0 0
0 0 1 0
-0 -0 -780 1
6.123031769111886e-017 6.123031769111886e-017 -1 0
-3.749151804555344e-033 1 6.123031769111886e-017 0
1 0 6.123031769111886e-017 0
0 -0 0 1
0 0 8.23548e-014 0 0 0
350 1145 1228.88 0 -0 0
11
*RAPID
*RAPID
1 1 1 1 1 1
1 1 1 1 1 1
0 0 0 0
*
*
*
*
*
*
0
0
no_app_file
3
no_par_file
0 1 1 1
1
6
13 1 1 327684 0 0 
-1 -1
-1 -1 -1
-1 -1 -1
-1 -1 -1
7
0
0 267 0
Device Sequence Information
2
*
0
*
-1 1 1 262145 0 
-1 1
1 1 1
-1 -1 -1
-1 -1 -1
1 0 0 0
0 1 0 0
0 0 1 0
0 0 0 1
ABB/IRB6700_300_270.0
0
0
0
10
0
*
*
*
*
*IRB6700_300_270.0
0
**BEGIN_ATTRIBUTES**
0
**END_ATTRIBUTES**
1
-1 1 1 262145 0 
-1 1
1 1 1
-1 -1 -1
-1 -1 -1
1 0 0 0
0 1 0 0
0 0 1 0
0 0 780 1
ABB/IRB6700_300_270.1
2 5 18
1 1
0
10
0
*
*
*
*
*IRB6700_300_270.1
0
**BEGIN_ATTRIBUTES**
0
**END_ATTRIBUTES**
1
-1 1 1 262145 0 
-1 1
1 1 1
-1 -1 -1
-1 -1 -1
1 0 0 0
0 1 0 0
0 0 1 0
350 0 0 1
ABB/IRB6700_300_270.2
2 5 17
1 2
0
10
0
*
*
*
*
*IRB6700_300_270.2
0
**BEGIN_ATTRIBUTES**
0
**END_ATTRIBUTES**
1
-1 1 1 262145 0 
-1 1
1 1 1
-1 -1 -1
-1 -1 -1
1 0 0 0
0 1 0 0
0 0 1 0
0 0 1145 1
ABB/IRB6700_300_270.3
2 5 17
1 3
0
10
0
*
*
*
*
*IRB6700_300_270.3
0
**BEGIN_ATTRIBUTES**
0
**END_ATTRIBUTES**
1
-1 1 1 262145 0 
-1 1
1 1 1
-1 -1 -1
-1 -1 -1
1 0 0 0
0 1 0 0
0 0 1 0
1212.5 0 200 1
ABB/IRB6700_300_270.4
2 5 16
1 4
0
10
0
*
*
*
*
*IRB6700_300_270.4
0
**BEGIN_ATTRIBUTES**
0
**END_ATTRIBUTES**
1
-1 1 1 262145 0 
-1 1
1 1 1
-1 -1 -1
-1 -1 -1
1 0 0 0
0 1 0 0
0 0 1 0
0 0 0 1
ABB/IRB6700_300_270.5
2 5 17
1 5
0
10
0
*
*
*
*
*IRB6700_300_270.5
0
**BEGIN_ATTRIBUTES**
0
**END_ATTRIBUTES**
1
6 1 1 262145 0 
-1 1
1 1 1
-1 -1 -1
-1 -1 -1
1 0 0 0
0 1 0 0
0 0 1 0
0 0 0 1
ABB/IRB6700_300_270.6
2 5 16
1 6
0
10
0
*
*
*
*
*IRB6700_300_270.6
0
**BEGIN_ATTRIBUTES**
0
**END_ATTRIBUTES**
00001
-1 1 1 262145 0 
-1 1
1 1 1
-1 -1 -1
-1 -1 -1
0.9895258545875549 0 0.144355982542038 0
0 1 -0 0
-0.144355982542038 0 0.9895258545875549 0
-227.5910034179688 -194 -33.20196533203125 1
ABB/IRB6700_300_270.pis
2 5 17
0
1
=sasa(709.937, DOF(2),230)-PI
10
0
*
*
*
*
*IRB6700_300_270.pis
0
**BEGIN_ATTRIBUTES**
0
**END_ATTRIBUTES**
001
-1 1 1 262145 0 
-1 1
1 1 1
-1 -1 -1
-1 -1 -1
0.9895258545875549 0 0.144355982542038 0
0 1 -0 0
-0.144355982542038 0 0.9895258545875549 0
-352.5 -194 -102.4894409179688 1
ABB/IRB6700_300_270.cyl
2 5 17
0
1
=-sasa(230, DOF(2), 709.937)
10
0
*
*
*
*
*IRB6700_300_270.cyl
0
**BEGIN_ATTRIBUTES**
0
**END_ATTRIBUTES**
0006
0
0
1
2
3
4
5
6
0
22
0
0
0
0
0
0
0
0
0
0
0
0
0
0
**BEGIN_ATTRIBUTES**
5
1
1
Robot Name
3 1 0 0
*IRB_6700_300_270
**END_ATTRIBUTES**
