12
IRB_6640ID_170_275
1
16
-1
6
0
0
0
1
0
0
NOPROGRAM
17
0
1
2
3
4
5
6
7
8
9
10
11
12
13
14
15
16
1
1
1
8
ABB S4
0
0.042
1500 1500 5000
360 360 360
720 720 720
0.5 0.5 0.5
0 0
1 2500 0 2 0.02 0.5 0
0 0 0 2 0 2 1 0
kin_rob_generic_ARU
none
none
6
1 1 1 1 1 1 1 1
Config_1
Config_2
Config_3
Config_4
Config_5
Config_6
Config_7
Config_8
1
mot_joint_abb_0
mot_straight_abb_0
mot_straight_abb_0
mot_joint_abb_0
mot_aux1_0
mot_aux2_0
0 0 0 0 0 0
0 0 0 0 0 0
0 0 0 0 0 0
1
0 0 0 0 0 0
=dof(1)
=dof(2)
=dof(3)
=dof(4)
=dof(5)
=dof(6)
1 2 3 4 5 6
18 17 17 16 17 16
0 0 0 0 0 0
0 0 0 0 0 0
1 1 1
0 0 -1 0
0 1 0 0
1 0 0 0
290 0 0 1
1
1 0 0 0
0 1 0 0
0 0 1 0
0 0 0 1
1
1 0 0 0
0 1 0 0
0 0 1 0
0 0 0 1
0 0 0 0 0 0
0 0 0 0 0 0
0 0 0 0 0 0 0 0
-2.96706
=-65*RAD
-3.14159
=ramp(dof(6)*DEG,0,-300,-300,0)*RAD
-2.0944
=ramp(dof(4)*DEG,0,-300,-300,0)*RAD
2.96706
1.48353
1.22173
=ramp(dof(6)*DEG,300,0,0,300)*RAD
2.0944
=ramp(dof(4)*DEG,300,0,0,300)*RAD
100 90 90 150 120 190
180 180 180 180 180 180
0.5 0.5 0.5 0.5 0.5 0.5
0 0 0 0 0 0
0 0 0 0 0 0
32
6
0 0
*
*
*
*
*
*
*
*
*
*
IRB6600
0
0
0
*
*
*
*
Home_1
0
*
Joint 1
Joint 2
Joint 3
Joint 4
Joint 5
Joint 6
Utool 1
Uframe 1
0 0 0
5
0.1 0.00174533
0 -1.5708 1.3975 0 0 0
0 0 0 0 0 0
1 2 3 4 5 6
0 0 0 0 0 0
-0.1724326759576798 6.031316629769967e-017 -0.9850212931632996 0
4.305664802473075e-008 1 -7.537271251578659e-009 0
0.9850212931632996 -4.371138828673793e-008 -0.1724326759576798 0
0 0 0 1
1 0 0 0
0 1 0 0
0 0 1 0
0 0 -780 1
6.123031769111886e-017 6.123031769111886e-017 -1 0
-3.749151804555344e-033 1 6.123031769111886e-017 0
1 0 6.123031769111886e-017 0
0 0 0 1
0 0 9.06209e-014 0 0 0
320 1280 1159.87 0 0 0
11
*RAPID
*RAPID
1 1 1 1 1 1
1 1 1 1 1 1
0 0 0 0
*
*
*
*
*
*
0
0
no_app_file
3
no_par_file
0 1 1 1
1
6
13 1 1 327684 0 0 
-1 -1
-1 -1 -1
-1 -1 -1
-1 -1 -1
7
0
0 267 0
Device Sequence Information
2
*
0
*
-1 1 1 262145 0 
-1 1
1 1 1
-1 -1 -1
-1 -1 -1
1 0 0 0
0 1 0 0
0 0 1 0
0 0 0 1
ABB/IRB_6640/IRB_6640ID_170_275.0
0
0
0
10
0
*
*
*
*
*IRB_6640ID_170_275.0
0
**BEGIN_ATTRIBUTES**
0
**END_ATTRIBUTES**
1
-1 1 1 262145 0 
-1 1
1 1 1
-1 -1 -1
-1 -1 -1
1 0 0 0
0 1 0 0
0 0 1 0
0 0 780 1
ABB/IRB_6640/IRB_6640ID_170_275.1
2 5 18
1 1
0
10
0
*
*
*
*
*IRB_6640ID_170_275.1
0
**BEGIN_ATTRIBUTES**
0
**END_ATTRIBUTES**
1
-1 1 1 262145 0 
-1 1
1 1 1
-1 -1 -1
-1 -1 -1
0.9861434102058411 0 0.1658950746059418 0
0 1 0 0
-0.1658950746059418 0 0.9861434102058411 0
-364.7107849121094 -193.9999694824219 -145.5017700195313 1
ABB/IRB_6640/IRB_6640ID_170_275.cylinder
2 5 17
0
1
=-sasa(230.005, DOF(2)-5.01204*RAD, 700)-2.4436*RAD
10
0
*
*
*
*
*IRB_6640ID_170_275.cylinder
0
**BEGIN_ATTRIBUTES**
0
**END_ATTRIBUTES**
01
-1 1 1 262145 0 
-1 1
1 1 1
-1 -1 -1
-1 -1 -1
1 0 0 0
0 1 0 0
0 0 1 0
320 0 0 1
ABB/IRB_6640/IRB_6640ID_170_275.2
2 5 17
1 2
0
10
0
*
*
*
*
*IRB_6640ID_170_275.2
0
**BEGIN_ATTRIBUTES**
0
**END_ATTRIBUTES**
1
-1 1 1 262145 0 
-1 1
1 1 1
-1 -1 -1
-1 -1 -1
1 0 0 0
0 1 0 0
0 0 1 0
0 0 1280 1
ABB/IRB_6640/IRB_6640ID_170_275.3
2 5 17
1 3
0
10
0
*
*
*
*
*IRB_6640ID_170_275.3
0
**BEGIN_ATTRIBUTES**
0
**END_ATTRIBUTES**
1
-1 1 1 262145 0 
-1 1
1 1 1
-1 -1 -1
-1 -1 -1
1 0 0 0
0 1 0 0
0 0 1 0
1142.5 0 200 1
ABB/IRB_6640/IRB_6640ID_170_275.4
2 5 16
1 4
0
10
0
*
*
*
*
*IRB_6640ID_170_275.4
0
**BEGIN_ATTRIBUTES**
0
**END_ATTRIBUTES**
1
-1 1 1 262145 0 
-1 1
1 1 1
-1 -1 -1
-1 -1 -1
1 0 0 0
0 1 0 0
0 0 1 0
0 0 0 1
ABB/IRB_6640/IRB_6640ID_170_275.5
2 5 17
1 5
0
10
0
*
*
*
*
*IRB_6640ID_170_275.5
0
**BEGIN_ATTRIBUTES**
0
**END_ATTRIBUTES**
1
-1 1 1 262145 0 
-1 1
1 1 1
-1 -1 -1
-1 -1 -1
1 0 0 0
0 1 0 0
0 0 1 0
0 0 0 1
ABB/IRB_6640/IRB_6640ID_170_275.6
2 5 16
1 6
0
10
0
*
*
*
*
*IRB_6640ID_170_275.6
0
**BEGIN_ATTRIBUTES**
0
**END_ATTRIBUTES**
00001
-1 1 1 262145 0 
-1 1
1 1 1
-1 -1 -1
-1 -1 -1
0.9861434102058411 0 0.1658950746059418 0
0 1 0 0
-0.1658950746059418 0 0.9861434102058411 0
-219.9429016113281 -193.9979858398438 -67.287841796875 1
ABB/IRB_6640/IRB_6640ID_170_275.piston
2 5 17
0
1
=sasa(700, DOF(2)-5.01204*RAD, 230.005)-PI-7.45561*RAD
10
0
*
*
*
*
*IRB_6640ID_170_275.piston
0
**BEGIN_ATTRIBUTES**
0
**END_ATTRIBUTES**
00007
0
0
1
3
4
5
6
7
0
22
0
0
0
0
0
0
0
0
0
0
0
0
0
0
**BEGIN_ATTRIBUTES**
5
1
1
Robot Name
3 1 0 0
*IRB_6640ID_170_275
**END_ATTRIBUTES**
