12
IRB_6400R_28_200
1
16
0
6
0
0
0
1
0
0
NOPROGRAM
18
0
1
2
3
4
5
6
7
8
9
10
11
12
13
14
15
16
0
1
23
1
8
ABB S4
0
0.042
2500 2500 4500
110 110 110
570 570 570
0.5 0.5 0.5
0.04 0.04
1 2500 0 2 0.02 0.5 0
0 0 0 2 0 2 1 0
kin_rob_generic_ARU
none
none
6
1 1 0 0 0 0 0 0
Config_1
Config_2
Config_3
Config_4
Config_5
Config_6
Config_7
Config_8
1
mot_joint_abb_0
mot_straight_abb_0
mot_straight_abb_0
mot_joint_abb_0
mot_aux1_0
mot_aux2_0
0 0 0 0 0 0
0 0 0 0 0 0
0 0 0 0 0 0
1
0 0 0 0 0 0
=dof(1)
=dof(2)
=dof(3)+DOF(2)
=dof(4)
=dof(5)
=dof(6)
1 2 3 4 5 6
18 17 17 16 17 16
0 0 0 0 0 0
0 0 0 0 0 0
1 1 1
0 0 -1 0
0 1 0 0
1 0 0 0
200 0 0 1
1
1 0 0 0
0 1 0 0
0 0 1 0
0 0 0 1
1 0 0 0
0 1 0 0
0 0 1 0
0 0 0 1
1 0 0 0
0 1 0 0
0 0 1 0
0 0 0 1
1 0 0 0
0 1 0 0
0 0 1 0
0 0 0 1
1 0 0 0
0 1 0 0
0 0 1 0
0 0 0 1
1 0 0 0
0 1 0 0
0 0 1 0
0 0 0 1
1 0 0 0
0 1 0 0
0 0 1 0
0 0 0 1
1 0 0 0
0 1 0 0
0 0 1 0
0 0 0 1
1 0 0 0
0 1 0 0
0 0 1 0
0 0 0 1
1 0 0 0
0 1 0 0
0 0 1 0
0 0 0 1
1 0 0 0
0 1 0 0
0 0 1 0
0 0 0 1
1 0 0 0
0 1 0 0
0 0 1 0
0 0 0 1
1 0 0 0
0 1 0 0
0 0 1 0
0 0 0 1
1 0 0 0
0 1 0 0
0 0 1 0
0 0 0 1
1 0 0 0
0 1 0 0
0 0 1 0
0 0 0 1
1 0 0 0
0 1 0 0
0 0 1 0
0 0 0 1
1 0 0 0
0 1 0 0
0 0 1 0
0 0 0 1
1 0 0 0
0 1 0 0
0 0 1 0
0 0 0 1
1 0 0 0
0 1 0 0
0 0 1 0
0 0 0 1
1 0 0 0
0 1 0 0
0 0 1 0
0 0 0 1
1 0 0 0
0 1 0 0
0 0 1 0
0 0 0 1
1 0 0 0
0 1 0 0
0 0 1 0
0 0 0 1
1 0 0 0
0 1 0 0
0 0 1 0
0 0 0 1
1
1 0 0 0
0 1 0 0
0 0 1 0
0 0 0 1
800 1050 1520 0 0 0
240 0 225 0 0 0
0 0 0 0 0 0 0 0
-3.14159
-1.22173
=max(-28*RAD,dof(2)-65*RAD)
-5.23599
-2.0944
-5.23599
3.14159
1.48353
=min(110*RAD,dof(2)+65*RAD)
5.23599
2.0944
5.23599
90 70 70 110 110 110
130 160 165 570 570 630
0.5 0.5 0.5 0.5 0.5 0.5
0.08 0.06 0.04 0.04 0.04 0.04
0.08 0.06 0.04 0.04 0.04 0.04
54
6
0 0
*
*
*
*
*
*
*
*
*
*
IRB6400
0
0
0
*
*
*
*
Home_1
0
*
Joint 1
Joint 2
Joint 3
Joint 4
Joint 5
Joint 6
Utool 1
Utool 2
Utool 3
Utool 4
Utool 5
Utool 6
Utool 7
Utool 8
Utool 9
Utool 10
Utool 11
Utool 12
Utool 13
Utool 14
Utool 15
Utool 16
Utool 17
Utool 18
Utool 19
Utool 20
Utool 21
Utool 22
Utool 23
Uframe 1
0 0 0
5
0.1 0.00174533
0 -1.5708 1.42384 0 0 0
0 0 0 0 0 0
1 2 3 4 5 6
0 0 0 0 0 0
-0.1464307755231857 1.642223772367493e-016 -0.989220917224884 0
4.324022029322805e-008 1 -6.400692420527321e-009 0
0.989220917224884 -4.371138828673793e-008 -0.1464307755231857 0
0 0 0 1
1 0 0 0
0 1 0 0
0 0 1 0
0 0 -800 1
6.123031769111886e-017 6.123031769111886e-017 -1 0
-3.749151804555344e-033 1 6.123031769111886e-017 0
1 0 6.123031769111886e-017 0
0 0 0 1
0 0 7.80687e-014 0 0 0
240 1050 1536.56 0 0 0
11
*RAPID
*RAPID
1 1 1 1 1 1
1 1 1 1 1 1
0 0 0 0
*
*
*
*
*
*
0
0
no_app_file
3
no_par_file
0 1 1 1
1
6
13 1 1 262148 0 0 
-1 -1
-1 -1 -1
-1 -1 -1
-1 -1 -1
7
0
0 267 0
Device Sequence Information
2
*
0
*
-1 1 1 262145 0 
-1 0.25
0.25 0.25 0.25
-1 -1 -1
-1 -1 -1
1 0 0 0
0 1 0 0
0 0 1 0
0 0 0 1
ABB/IRB6400R_25_120.0
0
0
0
10
0
*
*
*
*
*IRB6400R_25_120.0
0
**BEGIN_ATTRIBUTES**
0
**END_ATTRIBUTES**
1
-1 1 1 262145 0 
-1 0.25
0.25 0.25 0.25
-1 -1 -1
-1 -1 -1
1 0 0 0
0 1 0 0
0 0 1 0
0 0 800 1
ABB/IRB6400R_25_120.1
2 5 18
1 1
0
10
0
*
*
*
*
*IRB6400R_25_120.1
0
**BEGIN_ATTRIBUTES**
0
**END_ATTRIBUTES**
1
-1 1 1 262145 0 
-1 1
1 1 1
-1 -1 -1
-1 -1 -1
1 0 0 0
0 1 0 0
0 0 1 0
240 0 0 1
ABB/IRB6400R_25_120.2
2 5 17
1 2
0
10
0
*
*
*
*
*IRB6400R_25_120.2
0
**BEGIN_ATTRIBUTES**
0
**END_ATTRIBUTES**
1
-1 1 1 262148 0 
-1 1
1 1 1
-1 -1 -1
-1 -1 -1
0.9989665150642395 0 -0.04545297846198082 0
0 1 0 0
0.04545297846198082 0 0.9989665150642395 0
-7.480410204152577e-006 0 1050 1
ABB/IRB6400R_25_120.3c
2 5 17
0
1
=sasa(272.33,dof(2)-7.488*RAD,1050)
10
0
*
*
*
*
*IRB6400R_25_120.3c
0
**BEGIN_ATTRIBUTES**
0
**END_ATTRIBUTES**
01
-1 1 1 262145 0 
-1 1
1 1 1
-1 -1 -1
-1 -1 -1
1 0 0 0
0 1 0 0
0 0 1 0
0 0 1050 1
ABB/IRB6400R_25_120.3
2 5 17
0
1
=dof(3)-DOF(2)
10
0
*
*
*
*
*IRB6400R_25_120.3
0
**BEGIN_ATTRIBUTES**
0
**END_ATTRIBUTES**
1
-1 1 1 262145 0 
-1 1
1 1 1
-1 -1 -1
-1 -1 -1
1 0 0 0
0 1 0 0
0 0 1 0
1520 0 225 1
ABB/IRB6400R_28_200.4
2 5 16
1 4
0
10
0
*
*
*
*
*IRB6400R_28_200.4
0
**BEGIN_ATTRIBUTES**
0
**END_ATTRIBUTES**
1
-1 1 1 262145 0 
-1 1
1 1 1
-1 -1 -1
-1 -1 -1
1 0 0 0
0 1 0 0
0 0 1 0
0 0 0 1
ABB/IRB6400R_25_120.5
2 5 17
1 5
0
10
0
*
*
*
*
*IRB6400R_25_120.5
0
**BEGIN_ATTRIBUTES**
0
**END_ATTRIBUTES**
1
6 1 1 2359297 0 
-1 1
1 1 1
-1 -1 -1
-1 -1 -1
1 0 0 0
0 1 0 0
0 0 1 0
0 0 0 1
ABB/IRB6400R_25_120.6
2 5 16
1 6
0
10
0
*
*
*
*
*IRB6400R_25_120.6
0
**BEGIN_ATTRIBUTES**
0
**END_ATTRIBUTES**
0001
-1 1 1 262145 0 
-1 1
1 1 1
-1 -1 -1
-1 -1 -1
1 0 0 0
0 1 0 0
0 0 1 0
-400 0 0 1
ABB/IRB6400R_25_120.3a
2 5 17
0
1
=DOF(2)-dof(3)
10
0
*
*
*
*
*IRB6400R_25_120.3a
0
**BEGIN_ATTRIBUTES**
0
**END_ATTRIBUTES**
0001
-1 1 1 262145 0 
-1 1
1 1 1
-1 -1 -1
-1 -1 -1
1 0 0 0
0 1 0 0
0 0 1 0
240 0 0 1
ABB/IRB6400R_28_200.2a
2 5 17
1 3
0
10
0
*
*
*
*
*IRB6400R_28_200.2a
0
**BEGIN_ATTRIBUTES**
0
**END_ATTRIBUTES**
01
-1 1 1 262145 0 
-1 1
1 1 1
-1 -1 -1
-1 -1 -1
0.984524130821228 0 -0.1752490103244782 0
0 1 0 0
0.1752490103244782 0 0.984524130821228 0
275.5440063476563 0 270 1
ABB/IRB6400R_25_120.3p
2 5 17
0
1
=-sasa(1050,dof(2)-7.488*RAD,272.33)
10
0
*
*
*
*
*IRB6400R_25_120.3p
0
**BEGIN_ATTRIBUTES**
0
**END_ATTRIBUTES**
0007
0
0
1
2
4
5
6
7
0
22
0
0
0
0
0
0
0
0
0
0
0
0
0
0
**BEGIN_ATTRIBUTES**
5
1
1
Robot Name
3 1 0 0
*IRB_6400R_28_200
**END_ATTRIBUTES**
