12
IRB_5402PB
1
16
-1
6
0
0
0
1
0
0
NOPROGRAM
17
0
1
2
3
4
5
6
7
8
9
10
11
12
13
14
15
16
1
10
5
2
ABB S4
0
0.048
2500 2500 5000
360 360 360
720 720 720
0.5 0.5 0.5
0 0
1 375 0 2 0.02 0.5 0
0 0 0 2 0 2 1 0
kin_abb_irb5402
none
none
6
1 1
Config_1
Config_2
1
mot_joint_abb_0
mot_straight_abb_0
mot_straight_abb_0
mot_joint_abb_0
mot_aux1_0
mot_aux2_0
0 0 0 0 0 0
0 0 0 0 0 0
0 0 0 0 0 0
1
0 0 0 0 0 0
=dof(1)
=dof(2)
=dof(3)
=dof(4)
=dof(5)
=dof(6)
-99 -99 -99 -99 -99 -99
0 0 0 0 0 0
0 0 0 0 0 0
0 0 0 0 0 0
1 1 1
0 0 -1 0
0 1 0 0
1 0 0 0
65 0 0 1
1
1 0 0 0
0 1 0 0
0 0 1 0
0 0 0 1
1 0 0 0
0 1 0 0
0 0 1 0
0 0 0 1
1 0 0 0
0 1 0 0
0 0 1 0
0 0 0 1
1 0 0 0
0 1 0 0
0 0 1 0
0 0 0 1
1 0 0 0
0 1 0 0
0 0 1 0
0 0 0 1
1 0 0 0
0 1 0 0
0 0 1 0
0 0 0 1
1 0 0 0
0 1 0 0
0 0 1 0
0 0 0 1
1 0 0 0
0 1 0 0
0 0 1 0
0 0 0 1
1 0 0 0
0 1 0 0
0 0 1 0
0 0 0 1
1 0 0 0
0 1 0 0
0 0 1 0
0 0 0 1
1
1 0 0 0
0 1 0 0
0 0 1 0
0 0 0 1
1 0 0 0
0 1 0 0
0 0 1 0
0 0 0 1
1 0 0 0
0 1 0 0
0 0 1 0
0 0 0 1
1 0 0 0
0 1 0 0
0 0 1 0
0 0 0 1
1 0 0 0
0 1 0 0
0 0 1 0
0 0 0 1
0 1200 1410 0 0 0
660 300 213 0 145 0
0 0 0 0 0 0 0 0
-1.48353
-1.309
=min(max(-145,-75+dof(2)*DEG),15)*RAD
=(-360-dof(6)*DEG)*RAD
-1.74533e+008
=(-360-dof(4)*DEG)*RAD
1.48353
1.5708
=min(max(5,75+dof(2)*DEG),min(150,125+(dof(2)*DEG-50)*25/40))*RAD
=(360-dof(6)*DEG)*RAD
1.74533e+008
=(360-dof(4)*DEG)*RAD
150 150 150 440 430 600
180 180 180 180 180 180
0.5 0.5 0.5 0.5 0.5 0.5
0 0 0 0 0 0
0 0 0 0 0 0
45
0
0 0
*
*
*
*
*
*
*
*
*
*
IRB5400
0
0
0
*
*
*
*
Home_1
0
*
Joint 1
Joint 2
Joint 3
Joint 4
Joint 5
Joint 6
Utool 1
Utool 2
Utool 3
Utool 4
Utool 5
Utool 6
Utool 7
Utool 8
Utool 9
Utool 10
Uframe 1
Uframe 2
Uframe 3
Uframe 4
Uframe 5
0 0 0
8
0.1 0.00174533
0 0 0 0 0 0
0 0 0 0 0 0
1 2 3 4 5 6
0 0 0 0 0 0
1 0 0 0
0 1 0 0
0 0 1 0
0 0 0 1
1 0 0 0
0 1 0 0
0 0 1 0
0 0 0 1
1 0 0 0
0 1 0 0
0 0 1 0
0 0 0 1
0 0 0 0 0 0
0 0 0 0 0 0
11
*RAPID
*RAPID
1 1 1 1 1 1
1 1 1 1 1 1
0 0 0 0
*
*
*
*
*
*
0
0
no_app_file
3
no_par_file
0 1 1 1
1
6
13 1 1 327684 0 0 
-1 -1
-1 -1 -1
-1 -1 -1
-1 -1 -1
7
0
0 267 0
Device Sequence Information
2
*
0
*
-1 1 1 262145 0 
-1 1
1 1 1
-1 -1 -1
-1 -1 -1
1 0 0 0
0 1 0 0
0 0 1 0
0 0 355 1
ABB/IRB_5402PB.0
0
0
0
10
0
*
*
*
*
*IRB_5402PB.0
0
**BEGIN_ATTRIBUTES**
0
**END_ATTRIBUTES**
1
-1 1 1 262145 0 
-1 1
1 1 1
-1 -1 -1
-1 -1 -1
1 0 0 0
0 1 0 0
0 0 1 0
0 0 660 1
ABB/IRB_5402PB.1
2 5 18
1 1
0
10
0
*
*
*
*
*IRB_5402PB.1
0
**BEGIN_ATTRIBUTES**
0
**END_ATTRIBUTES**
1
-1 1 1 262145 0 
-1 1
1 1 1
-1 -1 -1
-1 -1 -1
1 0 0 0
0 1 0 0
0 0 1 0
300 0 0.0005489999894052744 1
ABB/IRB_5402PB.2
2 5 17
1 2
0
10
0
*
*
*
*
*IRB_5402PB.2
0
**BEGIN_ATTRIBUTES**
0
**END_ATTRIBUTES**
1
-1 1 1 262145 0 
-1 1
1 1 1
-1 -1 -1
-1 -1 -1
1 0 0 0
0 1 0 0
0 0 1 0
0 0 1200 1
ABB/IRB_5402PB.3
2 5 17
0
1
=dof(3)-DOF(2)
10
0
*
*
*
*
*IRB_5402PB.3
0
**BEGIN_ATTRIBUTES**
0
**END_ATTRIBUTES**
1
6 1 1 262145 0 
-1 1
1 1 1
-1 -1 -1
-1 -1 -1
1 0 0 0
0 1 0 0
0 0 1 0
1410.010009765625 0 213 1
TRALLFA/TR-5000H.4
2 5 16
1 4
0
10
0
*
*
*
*
*TR-5000H.4
0
**BEGIN_ATTRIBUTES**
0
**END_ATTRIBUTES**
1
4 1 1 262145 0 
-1 1
1 1 1
-1 -1 -1
-1 -1 -1
0.8191520571708679 0 -0.5735764503479004 0
0 1 0 0
0.5735764503479004 0 0.8191520571708679 0
0 0 0 1
TRALLFA/TR-5000H.5a
2 5 16
1 5
0
10
0
*
*
*
*
*TR-5000H.5a
0
**BEGIN_ATTRIBUTES**
0
**END_ATTRIBUTES**
1
6 1 1 262145 0 
-1 1
1 1 1
-1 -1 -1
-1 -1 -1
0.3420201539993286 0 0.9396926164627075 0
0 1 0 0
-0.9396926164627075 0 0.3420201539993286 0
118.7699966430664 0 83.16860198974609 1
TRALLFA/TR-5000H.5b
2 5 -16
1 5
0
10
0
*
*
*
*
*TR-5000H.5b
0
**BEGIN_ATTRIBUTES**
0
**END_ATTRIBUTES**
1
5 1 1 262145 0 
-1 1
1 1 1
-1 -1 -1
-1 -1 -1
0.8191520571708679 0 -0.5735764503479004 0
0 1 0 0
0.5735764503479004 0 0.8191520571708679 0
-0.002294000005349517 0 -0.003277000039815903 1
ABB/IRB_5402.6
2 5 16
1 6
0
10
0
*
*
*
*
*IRB_5402.6
0
**BEGIN_ATTRIBUTES**
0
**END_ATTRIBUTES**
000000007
0
0
0
0
0
0
0
0
0
22
0
0
0
0
0
0
0
0
0
0
0
0
0
0
**BEGIN_ATTRIBUTES**
5
1
1
Robot Name
3 1 0 0
*IRB_5402PB
**END_ATTRIBUTES**
