12
IRB_5400_23
1
16
-1
6
0
0
0
1
0
0
NOPROGRAM
17
0
1
2
3
4
5
6
7
8
9
10
11
12
13
14
15
16
1
10
5
2
ABB S4
0
0.048
1500 1500 5000
360 360 360
720 720 720
0.5 0.5 0.5
0 0
1 375 0 2 0.02 0.5 0
0 0 0 2 0 2 1 0
kin_abb_irb5402
none
none
6
1 1
Config_1
Config_2
0
mot_joint_abb_0
mot_straight_abb_0
mot_straight_abb_0
mot_joint_abb_0
mot_aux1_0
mot_aux2_0
0 0 0 0 0 0
0 0 0 0 0 0
0 0 0 0 0 0
1
0 0 0 0 0 0
=dof(1)
=dof(2)
=dof(3)
=dof(4)
=dof(5)
=dof(6)
-99 -99 -99 -99 -99 -99
0 0 0 0 0 0
0 0 0 0 0 0
0 0 0 0 0 0
1 1 1
0 0 -1 0
0 1 0 0
1 0 0 0
82.5 0 0 1
1
1 0 0 0
0 1 0 0
0 0 1 0
0 0 0 1
1 0 0 0
0 1 0 0
0 0 1 0
0 0 0 1
1 0 0 0
0 1 0 0
0 0 1 0
0 0 0 1
1 0 0 0
0 1 0 0
0 0 1 0
0 0 0 1
1 0 0 0
0 1 0 0
0 0 1 0
0 0 0 1
1 0 0 0
0 1 0 0
0 0 1 0
0 0 0 1
1 0 0 0
0 1 0 0
0 0 1 0
0 0 0 1
1 0 0 0
0 1 0 0
0 0 1 0
0 0 0 1
1 0 0 0
0 1 0 0
0 0 1 0
0 0 0 1
1 0 0 0
0 1 0 0
0 0 1 0
0 0 0 1
1
1 0 0 0
0 1 0 0
0 0 1 0
0 0 0 1
1 0 0 0
0 1 0 0
0 0 1 0
0 0 0 1
1 0 0 0
0 1 0 0
0 0 1 0
0 0 0 1
1 0 0 0
0 1 0 0
0 0 1 0
0 0 0 1
1 0 0 0
0 1 0 0
0 0 1 0
0 0 0 1
0 1200 1407.5 0 0 0
660 300 213 0 130 0
0 0 0 0 0 0 0 0
-2.61799
-1.309
-1.309
-6.28319
-6.28319
-6.28319
2.61799
1.5708
1.309
6.28319
6.28319
6.28319
137 137 137 465 350 535
180 180 180 180 180 180
0.5 0.5 0.5 0.5 0.5 0.5
0 0 0 0 0 0
0 0 0 0 0 0
45
0
0 0
*
*
*
*
*
*
*
*
*
*
IRB5400
0
0
0
*
*
*
*
Home_1
0
*
Joint 1
Joint 2
Joint 3
Joint 4
Joint 5
Joint 6
Utool 1
Utool 2
Utool 3
Utool 4
Utool 5
Utool 6
Utool 7
Utool 8
Utool 9
Utool 10
Uframe 1
Uframe 2
Uframe 3
Uframe 4
Uframe 5
0 0 0
8
0.1 0.00174533
0 0 0 0 0 0
0 0 0 0 0 0
1 2 3 4 5 6
0 0 0 0 0 0
1 0 0 0
0 1 0 0
0 0 1 0
0 0 0 1
1 0 0 0
0 1 0 0
0 0 1 0
0 0 0 1
1 0 0 0
0 1 0 0
0 0 1 0
0 0 0 1
0 0 0 0 0 0
0 0 0 0 0 0
11
*RAPID
*RAPID
1 1 1 1 1 1
1 1 1 1 1 1
0 0 0 0
*
*
*
*
*
*
0
0
no_app_file
3
ABB/RAPID/default.par
0 1 1 1
1
6
13 1 1 327684 0 0 
-1 -1
-1 -1 -1
-1 -1 -1
-1 -1 -1
7
0
0 267 0
Device Sequence Information
2
*
0
*
-1 1 1 262145 0 
-2 1
1 1 1
-1 -1 -1
-1 -1 -1
1 0 0 0
0 1 0 0
0 0 1 0
0 0 0 1
ABB/IRB_5400/IRB_5400_23.0
0
0
0
10
0
*
*
*
*
*IRB_5400_23.0
0
**BEGIN_ATTRIBUTES**
0
**END_ATTRIBUTES**
1
-1 1 1 262145 0 
-2 1
1 1 1
-1 -1 -1
-1 -1 -1
1 0 0 0
0 1 0 0
0 0 1 0
0 0 660 1
ABB/IRB_5400/IRB_5400_23.1
2 5 18
1 1
0
10
0
*
*
*
*
*IRB_5400_23.1
0
**BEGIN_ATTRIBUTES**
0
**END_ATTRIBUTES**
1
-1 1 1 262145 0 
-2 1
1 1 1
-1 -1 -1
-1 -1 -1
1 0 0 0
0 1 0 0
0 0 1 0
300 0 0 1
ABB/IRB_5400/IRB_5400_23.2
2 5 17
1 2
0
10
0
*
*
*
*
*IRB_5400_23.2
0
**BEGIN_ATTRIBUTES**
0
**END_ATTRIBUTES**
1
-1 1 1 262145 0 
-2 1
1 1 1
-1 -1 -1
-1 -1 -1
1 0 0 0
0 1 0 0
0 0 1 0
0 0 1200 1
ABB/IRB_5400/IRB_5400_23.3
2 5 17
0
1
=dof(3)-DOF(2)
10
0
*
*
*
*
*IRB_5400_23.3
0
**BEGIN_ATTRIBUTES**
0
**END_ATTRIBUTES**
1
6 1 1 262145 0 
-2 1
1 1 1
-1 -1 -1
-1 -1 -1
1 0 0 0
0 1 0 0
0 0 1 0
1407.5 0 213 1
ABB/IRB_5400/IRB_5400_23.4
2 5 16
1 4
0
10
0
*
*
*
*
*IRB_5400_23.4
0
**BEGIN_ATTRIBUTES**
0
**END_ATTRIBUTES**
1
4 1 1 262145 0 
-2 1
1 1 1
-1 -1 -1
-1 -1 -1
0.8191522359848023 0 -0.5735761523246765 0
0 1 0 0
0.5735761523246765 0 0.8191522359848023 0
0 0 0 1
ABB/IRB_5400/IRB_5400_23.5a
2 5 16
0
1
=dof(5)
10
0
*
*
*
*
*IRB_5400_23.5a
0
**BEGIN_ATTRIBUTES**
0
**END_ATTRIBUTES**
1
6 1 1 262145 0 
-2 1
1 1 1
-1 -1 -1
-1 -1 -1
0.3420199155807495 0 0.9396927356719971 0
0 1 0 0
-0.9396927356719971 0 0.3420199155807495 0
106.4897613525391 0 74.56505584716797 1
ABB/IRB_5400/IRB_5400_23.5b
2 5 -16
1 5
0
10
0
*
*
*
*
*IRB_5400_23.5b
0
**BEGIN_ATTRIBUTES**
0
**END_ATTRIBUTES**
1
5 1 1 262145 0 
-2 1
1 1 1
-1 -1 -1
-1 -1 -1
0.8191522359848023 0 -0.5735761523246765 0
0 1 0 0
0.5735761523246765 0 0.8191522359848023 0
0 0 0 1
ABB/IRB_5400/IRB_5400_23.6
2 5 16
1 6
0
10
0
*
*
*
*
*IRB_5400_23.6
0
**BEGIN_ATTRIBUTES**
0
**END_ATTRIBUTES**
000000007
0
0
0
0
0
0
0
0
0
22
0
0
0
0
0
0
0
0
0
0
0
0
0
0
**BEGIN_ATTRIBUTES**
5
1
1
Robot Name
3 1 0 0
*IRB_5400_23
**END_ATTRIBUTES**
