12
IRB_6700_205_280_MH3
1
16
-1
6
0
0
0
1
0
0
NOPROGRAM
17
0
1
2
3
4
5
6
7
8
9
10
11
12
13
14
15
16
1
3
3
8
ABB S4
0
0.042
1500 1500 5000
360 360 360
720 720 720
0.5 0.5 0.5
0 0
1 2500 0 2 0.02 0.5 0
0 0 0 2 0 2 1 0
kin_rob_generic_ARU
none
none
6
1 1 1 1 1 1 1 1
Config_1
Config_2
Config_3
Config_4
Config_5
Config_6
Config_7
Config_8
1
mot_joint_abb_0
mot_straight_abb_0
mot_straight_abb_0
mot_joint_abb_0
mot_aux1_0
mot_aux2_0
0 0 0 0 0 0
0 0 0 0 0 0
0 0 0 0 0 0
1
0 0 0 0 0 0
=dof(1)
=dof(2)
=$th3m=dof(3);$chkU=inrange($th3m,70*RAD,360*RAD);$th3m=$th3m-$chkU*2*PI;$th3m
=dof(4)
=dof(5)
=dof(6)
1 2 3 4 5 6
18 17 17 16 17 16
0 0 0 0 0 0
0 0 0 0 0 0
1 1 1
0 0 -1 0
0 1 0 0
1 0 0 0
200 0 0 1
1
1 0 0 0
0 1 0 0
0 0 1 0
0 0 0 1
1 0 0 0
0 1 0 0
0 0 1 0
0 0 0 1
1 0 0 0
0 1 0 0
0 0 1 0
0 0 -200 1
1
1 0 0 0
0 1 0 0
0 0 1 0
0 0 0 1
1 0 0 0
0 1 0 0
0 0 1 0
0 0 0 1
1 0 0 0
0 1 0 0
0 0 1 0
0 0 0 1
780 1280 1182.5 0 0 0
320 0 200 0 0 0
0 0 0 0 0 0 0 0
-2.96706
=-65*RAD
-3.14159
-5.23599
-2.26893
-6.28319
2.96706
1.48353
1.22173
5.23599
2.26893
6.28319
100 90 90 170 120 190
180 180 180 180 180 180
0.5 0.5 0.5 0.5 0.5 0.5
0 0 0 0 0 0
0 0 0 0 0 0
36
6
0 0
*
*
*
*
*
*
*
*
*
*
IRB6600
0
0
0
*
*
*
*
Home_1
0
*
Joint 1
Joint 2
Joint 3
Joint 4
Joint 5
Joint 6
Utool 1
Utool 2
P-point
Uframe 1
Uframe 2
Uframe 3
0 0 0
5
0.1 0.00174533
0 -1.5708 1.40325 0 0 0
0 0 0 0 0 0
1 2 3 4 5 6
0 0 0 0 0 0
-0.1667646318674088 -7.274970107598133e-016 -0.9859967231750488 0
4.309926993073532e-008 1 -7.28951166095726e-009 0
0.9859967231750488 -4.371137407588321e-008 -0.1667646318674088 0
0 0 0 1
1 0 0 0
0 1 0 0
0 0 1 0
0 0 -780.0001220703125 1
6.123031769111886e-017 6.123031769111886e-017 -1 0
-3.749151804555344e-033 1 6.123031769111886e-017 0
1 0 6.123031769111886e-017 0
0 0 0 1
0 0 9.06208e-014 0 0 0
320 1280 1199.29 0 0 0
11
*RAPID
*RAPID
1 1 1 1 1 1
1 1 1 1 1 1
0 0 0 0
*
*
*
*
*
*
0
0
no_app_file
3
no_par_file
0 1 1 1
1
6
21 1 1 327684 0 0 
-1 -1
-1 -1 -1
-1 -1 -1
-1 -1 -1
7
0
0 267 0
Device Sequence Information
2
*
0
*
-1 1 1 262145 0 
-1 1
1 1 1
-1 -1 -1
-1 -1 -1
1 0 0 0
0 1 0 0
0 0 1 0
0 0 0 1
ABB/IRB6700_205_280_MH3.0
0
0
0
10
0
*
*
*
*
*IRB6700_205_280_MH3.0
0
**BEGIN_ATTRIBUTES**
0
**END_ATTRIBUTES**
1
-1 1 1 262145 0 
-1 1
1 1 1
-1 -1 -1
-1 -1 -1
1 0 0 0
0 1 0 0
0 0 1 0
0 0 780.0001220703125 1
ABB/IRB6700_205_280_MH3.1
2 5 18
1 1
0
10
0
*
*
*
*
*IRB6700_205_280_MH3.1
0
**BEGIN_ATTRIBUTES**
0
**END_ATTRIBUTES**
1
-1 1 1 262145 0 
-1 1
1 1 1
-1 -1 -1
-1 -1 -1
1 0 0 0
0 1 0 0
0 0 1 0
320 0 0 1
ABB/IRB6700_205_280_MH3.2
2 5 17
1 2
0
10
0
*
*
*
*
*IRB6700_205_280_MH3.2
0
**BEGIN_ATTRIBUTES**
0
**END_ATTRIBUTES**
1
-1 1 1 262145 0 
-1 1
1 1 1
-1 -1 -1
-1 -1 -1
1 0 0 0
0 1 0 0
0 0 1 0
0 0 1280 1
ABB/IRB6700_205_280_MH3.3
2 5 17
1 3
0
10
0
*
*
*
*
*IRB6700_205_280_MH3.3
0
**BEGIN_ATTRIBUTES**
0
**END_ATTRIBUTES**
1
-1 1 1 262145 0 
-1 1
1 1 1
-1 -1 -1
-1 -1 -1
1 0 0 0
0 1 0 0
0 0 1 0
1182.5 0 200 1
ABB/IRB6700_205_280_MH3.4
2 5 16
1 4
0
10
0
*
*
*
*
*IRB6700_205_280_MH3.4
0
**BEGIN_ATTRIBUTES**
0
**END_ATTRIBUTES**
1
-1 1 1 262145 0 
-1 1
1 1 1
-1 -1 -1
-1 -1 -1
1 0 0 0
0 1 0 0
0 0 1 0
0 0 0 1
ABB/IRB6700_205_280_MH3.5
2 5 17
1 5
0
10
0
*
*
*
*
*IRB6700_205_280_MH3.5
0
**BEGIN_ATTRIBUTES**
0
**END_ATTRIBUTES**
1
-1 1 1 262145 0 
-1 1
1 1 1
-1 -1 -1
-1 -1 -1
1 0 0 0
0 1 0 0
0 0 1 0
0 0 0 1
ABB/IRB6700_205_280_MH3.6
2 5 16
1 6
0
10
0
*
*
*
*
*IRB6700_205_280_MH3.6
0
**BEGIN_ATTRIBUTES**
0
**END_ATTRIBUTES**
001
-1 1 1 262145 0 
-1 1
1 1 1
-1 -1 -1
-1 -1 -1
1 0 0 0
0 1 0 0
0 0 1 0
0 0 0 1
ABB/IRB6700_205_280_MH3.4c
0
0
0
10
0
*
*
*
*
*IRB6700_205_280_MH3.4c
0
**BEGIN_ATTRIBUTES**
0
**END_ATTRIBUTES**
001
-1 1 1 262145 0 
-1 1
1 1 1
-1 -1 -1
-1 -1 -1
1 0 0 0
0 1 0 0
0 0 1 0
0 0 0 1
ABB/IRB6700_205_280_MH3.3c2
0
0
0
10
0
*
*
*
*
*IRB6700_205_280_MH3.3c2
0
**BEGIN_ATTRIBUTES**
0
**END_ATTRIBUTES**
001
-1 1 1 262145 0 
-1 1
1 1 1
-1 -1 -1
-1 -1 -1
0.9781449437141419 0 0.2079243063926697 0
0 1 0 0
-0.2079243063926697 0 0.9781449437141419 0
-211.197021484375 -194.0000152587891 -44.89141845703125 1
ABB/IRB6700_205_280_MH3.pis
2 5 17
0
1
=sasa(683.436, DOF(2), 215.915)-PI
10
0
*
*
*
*
*IRB6700_205_280_MH3.pis
0
**BEGIN_ATTRIBUTES**
0
**END_ATTRIBUTES**
01
-1 1 1 262145 0 
-1 1
1 1 1
-1 -1 -1
-1 -1 -1
1 0 0 0
0 1 0 0
0 0 1 0
0 0 0 1
ABB/IRB6700_205_280_MH3.2c2
0
0
0
10
0
*
*
*
*
*IRB6700_205_280_MH3.2c2
0
**BEGIN_ATTRIBUTES**
0
**END_ATTRIBUTES**
001
-1 1 1 262145 0 
-1 1
1 1 1
-1 -1 -1
-1 -1 -1
0.9781450033187866 0 0.2079239189624786 0
0 1 0 0
-0.2079239189624786 0 0.9781450033187866 0
-348.5 -193.9999389648438 -142.1001586914063 1
ABB/IRB6700_205_280_MH3.cyl
2 5 17
0
1
=-sasa(215.915, DOF(2), 683.436)
10
0
*
*
*
*
*IRB6700_205_280_MH3.cyl
0
**BEGIN_ATTRIBUTES**
0
**END_ATTRIBUTES**
01
-1 1 1 262145 0 
-1 1
1 1 1
-1 -1 -1
-1 -1 -1
1 0 0 0
0 1 0 0
0 0 1 0
0 0 0 1
ABB/IRB6700_205_280_MH3.1c2
0
0
0
10
0
*
*
*
*
*IRB6700_205_280_MH3.1c2
0
**BEGIN_ATTRIBUTES**
0
**END_ATTRIBUTES**
0006
0
0
1
2
3
4
5
6
0
22
0
0
0
0
0
0
0
0
0
0
0
0
0
0
**BEGIN_ATTRIBUTES**
5
1
1
Robot Name
3 1 0 0
*IRB_6700_205_280_MH3
**END_ATTRIBUTES**
