12
IRB_6640_235_255
1
16
-1
6
0
0
0
1
0
0
NOPROGRAM
17
0
1
2
3
4
5
6
7
8
9
10
11
12
13
14
15
16
1
1
1
8
ABB S4
0
0.042
1513 1513 8363
206 206 206
2494 2494 2494
0.5 0.5 0.5
0.027 0.027
1 2500 0 2 0.02 0.5 0
0 0 0 2 0 2 1 0
kin_rob_generic_ARU
none
none
6
1 1 1 1 1 1 1 1
Config_1
Config_2
Config_3
Config_4
Config_5
Config_6
Config_7
Config_8
1
mot_joint_abb_0
mot_straight_abb_0
mot_straight_abb_0
mot_joint_abb_0
mot_aux1_0
mot_aux2_0
0 0 0 0 0 0
0 0 0 0 0 0
0 0 0 0 0 0
1
0 0 0 0 0 0
=dof(1)
=dof(2)
=dof(3)
=dof(4)
=dof(5)
=dof(6)
1 2 3 4 5 6
18 17 17 16 17 16
0 0 0 0 0 0
0 0 0 0 0 0
1 1 1
0 0 -1 0
0 1 0 0
1 0 0 0
200 0 0 1
1
1 0 0 0
0 1 0 0
0 0 1 0
0 0 0 1
1
1 0 0 0
0 1 0 0
0 0 1 0
0 0 0 1
0 0 0 0 0 0
0 0 0 0 0 0
0 0 0 0 0 0 0 0
-2.96706
=-65*RAD
-3.14159
-5.23599
-2.0944
-6.28319
2.96706
1.48353
=ramp(dof(2)*DEG,85,58.7123,69.2808,70)*RAD
5.23599
2.0944
6.28319
69 44 61 150 120 190
281 229 498 2152 1721 2724
0.5 0.5 0.5 0.5 0.5 0.5
0.118 0.123 0.124 0.123 0.123 0.123
0.118 0.123 0.124 0.123 0.123 0.123
32
6
0 0
*
*
*
*
*
*
*
*
*
*
IRB6600
0
0
0
*
*
*
*
Home_1
0
*
Joint 1
Joint 2
Joint 3
Joint 4
Joint 5
Joint 6
Utool 1
Uframe 1
0 0 0
5
0.1 0.00174533
0 -1.5708 1.3975 0 0 0
0 0 0 0 0 0
1 2 3 4 5 6
0 0 0 0 0 0
-0.1724326759576798 3.615196969978846e-016 -0.9850212931632996 0
4.305664802473075e-008 1 -7.537271251578659e-009 0
0.9850212931632996 -4.371138828673793e-008 -0.1724326759576798 0
0 0 0 1
1 0 0 0
0 1 0 0
0 0 1 0
0 0 -780 1
6.123031769111886e-017 6.123031769111886e-017 -1 0
-3.749151804555344e-033 1 6.123031769111886e-017 0
1 0 6.123031769111886e-017 0
0 0 0 1
0 0 7.80687e-014 0 0 0
320 1075 1159.87 0 0 0
11
*RAPID
*RAPID
1 1 1 1 1 1
1 1 1 1 1 1
0 0 0 0
*
*
*
*
*
*
0
0
no_app_file
3
no_par_file
0 1 1 1
1
6
13 1 1 327684 0 0 
-1 -1
-1 -1 -1
-1 -1 -1
-1 -1 -1
7
0
0 267 0
Device Sequence Information
2
*
0
*
-1 1 1 262145 0 
-1 1
1 1 1
-1 -1 -1
-1 -1 -1
1 0 0 0
0 1 0 0
0 0 1 0
0 0 0 1
ABB/IRB_6640/IRB_6640_235_255.0
0
0
0
10
0
*
*
*
*
*IRB_6640_235_255.0
0
**BEGIN_ATTRIBUTES**
0
**END_ATTRIBUTES**
1
-1 1 1 262145 0 
-1 1
1 1 1
-1 -1 -1
-1 -1 -1
1 0 0 0
0 1 0 0
0 0 1 0
0 0 780 1
ABB/IRB_6640/IRB_6640_235_255.1
2 5 18
1 1
0
10
0
*
*
*
*
*IRB_6640_235_255.1
0
**BEGIN_ATTRIBUTES**
0
**END_ATTRIBUTES**
1
-1 1 1 262145 0 
-1 1
1 1 1
-1 -1 -1
-1 -1 -1
0.9861434102058411 0 0.1658950746059418 0
0 1 0 0
-0.1658950746059418 0 0.9861434102058411 0
-364.7107849121094 -193.9999694824219 -145.5017700195313 1
ABB/IRB_6640/IRB_6640_235_255.cylinder
2 5 17
0
1
=-sasa(230.005, DOF(2)-5.01204*RAD, 700)-2.4436*RAD
10
0
*
*
*
*
*IRB_6640_235_255.cylinder
0
**BEGIN_ATTRIBUTES**
0
**END_ATTRIBUTES**
01
-1 1 1 262145 0 
-1 1
1 1 1
-1 -1 -1
-1 -1 -1
1 0 0 0
0 1 0 0
0 0 1 0
320 0 0 1
ABB/IRB_6640/IRB_6640_235_255.2
2 5 17
1 2
0
10
0
*
*
*
*
*IRB_6640_235_255.2
0
**BEGIN_ATTRIBUTES**
0
**END_ATTRIBUTES**
1
-1 1 1 262145 0 
-1 1
1 1 1
-1 -1 -1
-1 -1 -1
0.9861434102058411 0 0.1658950746059418 0
0 1 0 0
-0.1658950746059418 0 0.9861434102058411 0
-219.9429016113281 -193.9979858398438 -67.287841796875 1
ABB/IRB_6640/IRB_6640_235_255.piston
2 5 17
0
1
=sasa(700, DOF(2)-5.01204*RAD, 230.005)-PI-7.45561*RAD
10
0
*
*
*
*
*IRB_6640_235_255.piston
0
**BEGIN_ATTRIBUTES**
0
**END_ATTRIBUTES**
01
-1 1 1 262145 0 
-1 1
1 1 1
-1 -1 -1
-1 -1 -1
1 0 0 0
0 1 0 0
0 0 1 0
0 0 1075 1
ABB/IRB_6640/IRB_6640_235_255.3
2 5 17
1 3
0
10
0
*
*
*
*
*IRB_6640_235_255.3
0
**BEGIN_ATTRIBUTES**
0
**END_ATTRIBUTES**
1
-1 1 1 262145 0 
-1 1
1 1 1
-1 -1 -1
-1 -1 -1
1 0 0 0
0 1 0 0
0 0 1 0
1142.5 0 200 1
ABB/IRB_6640/IRB_6640_235_255.4
2 5 16
1 4
0
10
0
*
*
*
*
*IRB_6640_235_255.4
0
**BEGIN_ATTRIBUTES**
0
**END_ATTRIBUTES**
1
-1 1 1 262145 0 
-1 1
1 1 1
-1 -1 -1
-1 -1 -1
1 0 0 0
0 1 0 0
0 0 1 0
0 0 0 1
ABB/IRB_6640/IRB_6640_235_255.5
2 5 17
1 5
0
10
0
*
*
*
*
*IRB_6640_235_255.5
0
**BEGIN_ATTRIBUTES**
0
**END_ATTRIBUTES**
1
-1 1 1 262145 0 
-1 1
1 1 1
-1 -1 -1
-1 -1 -1
1 0 0 0
0 1 0 0
0 0 1 0
0 0 0 1
ABB/IRB_6640/IRB_6640_235_255.6
2 5 16
1 6
0
10
0
*
*
*
*
*IRB_6640_235_255.6
0
**BEGIN_ATTRIBUTES**
0
**END_ATTRIBUTES**
00000008
0
0
1
3
5
6
7
8
0
22
0
0
0
0
0
0
0
0
0
0
0
0
0
0
**BEGIN_ATTRIBUTES**
5
1
1
Robot Name
3 1 0 0
*IRB_6640_235_255
**END_ATTRIBUTES**
