12
VR-008AL2
1
16
-1
6
0
0
0
1
0
0
NOPROGRAM
17
0
1
2
3
4
5
6
7
8
9
10
11
12
13
14
15
16
2
1
1
8
PANASONIC
0
0.05
2000 2000 5000
300 300 300
720 720 720
0.5 0.5 0.5
0 0
1 375 1 1 0.1 0.5 0
0 0 0 2 1 0 0 1
kin_rob_generic_PRU
none
none
6
1 1 1 1 1 1 1 1
Config_1
Config_2
Config_3
Config_4
Config_5
Config_6
Config_7
Config_8
0
mot_joint_0
mot_straight_0
mot_circular_0
mot_slew_0
mot_aux1_0
mot_aux2_0
0 0 0 0 0 0
0 0 0 0 0 0
0 0 0 0 -90 0
1
0 0 0 0 -90 0
0 0 0 0 0 0
=dof(1)
=dof(2)
=$th3m=dof(3);$th3chk=max(-78.001*RAD,min(-30.001*RAD,-78.001*RAD+((dof(2)-10*RAD)/(105*RAD))*48*RAD));$th3chk2=min(min(240.001*RAD,max(220.001*RAD,240.001*RAD+((dof(2)-90*RAD)/(80*RAD))*20*RAD)),max(170.001*RAD,220.001*RAD+((dof(2)-10*RAD)/(110*RAD))*50*RAD));$ch1=inrange($th3m, -360*RAD, $th3chk);$th3m=$th3m+$ch1*360*RAD;$ch2=inrange($th3m, $th3chk2, 360*RAD);$th3m=$th3m-360*RAD*$ch2;$th3m
=dof(4)
=dof(5)
=dof(6)
1 2 3 4 5 6
18 17 -17 -17 18 -18
0 0 0 0 0 0
0 0 0 0 0 0
1 1 1
0 0 1 0
0 1 0 0
-1 0 0 0
0 0 155 1
1
1 1.257314531080602e-022 0 0
-1.257314531080602e-022 1 0 0
0 0 1 0
0 0 0 1
1
1 0 0 0
0 1 0 0
0 0 1 0
0 0 0 1
0 0 0 0 0 0
0 0 0 0 0 0
0 0 0 0 0 0 0 0
-2.70528
-1.74535
=max(-78.001*RAD,min(-30.001*RAD,-78.001*RAD+((dof(2)-10*RAD)/(105*RAD))*48*RAD))
-4.71241
-2.61801
-6.98133
2.70528
2.61801
=min(min(240.001*RAD,max(220.001*RAD,240.001*RAD+((dof(2)-90*RAD)/(80*RAD))*20*RAD)),max(170.001*RAD,220.001*RAD+((dof(2)-10*RAD)/(110*RAD))*50*RAD))
4.71241
1.74535
6.98133
142 142 156 300 300 400
180 180 180 180 180 180
0.5 0.5 0.5 0.5 0.5 0.5
0 0 0 0 0 0
0 0 0 0 0 0
34
6
0 0
*
*
*
*
*
*
*
*
*
*
DEFAULT
0
0
0
*
*
*
*
Home
ZEROS
0
*
*
Joint 1
Joint 2
Joint 3
Joint 4
Joint 5
Joint 6
Utool 1
Uframe 1
0 0 0
5
0.1 0.00174533
0 -1.5708 1.46592 0 -3.14159 0
0 0 1 0 0 1
1 2 3 4 5 6
0 0 0 0 0 0
-0.1046847477555275 8.742277657347586e-008 -0.9945054650306702 0
3.431940953646517e-008 -1 -9.151834490239708e-008 0
-0.9945054650306702 -4.371141315573368e-008 0.1046847477555275 0
0 0 0 1
1 0 0 0
0 1 -1.257314531080602e-022 0
0 1.257314531080602e-022 1 0
0 1.257314401833631e-019 -499.9999694824219 1
-1 -8.742277657347586e-008 0 0
8.742277657347586e-008 -1 0 0
0 0 1 0
0 0 -6.513706125588215e-007 1
0 0 -2.1726e-013 0 2.47863e-006 0
175 700 955.249 -2.56095e-005 65 0
11
*PANASONIC
*PANASONIC
1 1 1 1 1 1
1 1 1 1 1 1
0 0 0 0
*
*
*
*
*
*
0
0
no_app_file
3
no_par_file
0 1 1 1
1
6
4 1 1 327684 0 0 
-1 -1
-1 -1 -1
-1 -1 -1
-1 -1 -1
7
0
0 267 0
Device Sequence Information
2
*
0
*
6 1 1 262145 0 
-1 1
1 1 1
-1 -1 -1
-1 -1 -1
1 1.10566744475777e-024 8.574299670272012e-008 0
1.462363949314568e-015 1 -1.705519991901383e-008 0
-8.574299670272012e-008 1.705519991901383e-008 1 0
0 0 0 1
PANASONIC/VR008AL.0
0
0
0
10
0
*
*
*
*
*VR008AL.0
0
**BEGIN_ATTRIBUTES**
0
**END_ATTRIBUTES**
1
6 1 1 262145 0 
-1 1
1 1 1
-1 -1 -1
-1 -1 -1
1 0 0 0
0 1 0 0
0 0 1 0
0 0 0 1
PANASONIC/VR008AL.1
2 5 18
1 1
0
10
0
*
*
*
*
*VR008AL.1
0
**BEGIN_ATTRIBUTES**
0
**END_ATTRIBUTES**
1
-1 1 1 262145 0 
-1 1
1 1 1
-1 -1 -1
-1 -1 -1
1 0 0 0
0 1 0 0
0 0 1 0
175 0 499.9999694824219 1
PANASONIC/VR008AL.2
2 5 17
1 2
0
10
0
*
*
*
*
*VR008AL.2
0
**BEGIN_ATTRIBUTES**
0
**END_ATTRIBUTES**
1
-1 1 1 262145 0 
-1 1
1 1 1
-1 -1 -1
-1 -1 -1
1 0 0 0
0 1 0 0
0 0 1 0
0 0 700 1
PANASONIC/VR008AL.3
2 5 -17
1 3
0
10
0
*
*
*
*
*VR008AL.3
0
**BEGIN_ATTRIBUTES**
0
**END_ATTRIBUTES**
1
-1 1 1 262145 0 
-1 1
1 1 1
-1 -1 -1
-1 -1 -1
0 0 -1 0
1 0 0 0
0 -1 0 0
950 0 100 1
PANASONIC/VR008AL.4
2 5 -17
1 4
0
10
0
*
*
*
*
*VR008AL.4
0
**BEGIN_ATTRIBUTES**
0
**END_ATTRIBUTES**
1
-1 1 1 262145 0 
-1 1
1 1 1
-1 -1 -1
-1 -1 -1
1 0 -1.253870048824045e-022 0
0 1 0 0
1.253870048824045e-022 0 1 0
-4.86743010696955e-005 -2.432330074952915e-005 2.47862999458448e-006 1
PANASONIC/VR008A.5
2 5 18
1 5
0
10
0
*
*
*
*
*VR008A.5
0
**BEGIN_ATTRIBUTES**
0
**END_ATTRIBUTES**
1
-1 1 1 262145 0 
-1 1
1 1 1
-1 -1 -1
-1 -1 -1
1 0 0 0
0 0 -1 0
0 1 0 0
-65 0 0 1
PANASONIC/VR008A.6
2 5 -18
1 6
0
10
0
*
*
*
*
*VR008A.6
0
**BEGIN_ATTRIBUTES**
0
**END_ATTRIBUTES**
00000006
0
0
1
2
3
4
5
6
0
22
0
0
0
0
0
0
0
0
0
0
0
0
0
0
**BEGIN_ATTRIBUTES**
5
1
1
Robot Name
3 1 0 0
*VR-008AL2
**END_ATTRIBUTES**
