12
ST133TF-01A
1
70
-1
6
0
0
0
1
0
0
NOPROGRAM
71
0
1
2
3
4
5
6
7
8
9
10
11
12
13
14
15
16
17
18
19
20
21
22
23
24
25
26
27
28
29
30
31
32
33
34
35
36
37
38
39
40
41
42
43
44
45
46
47
48
49
50
51
52
53
54
55
56
57
58
59
60
61
62
63
64
65
66
67
68
69
70
1
32
1
8
NACHI AX
0
0.05
4500 4500 11500
360 360 360
720 720 720
0.5 0.5 0.5
0 0
1 1 1 1 0.1 0.5 0
0 1 0 2 1 2 1 1
kin_rob_generic_NRU
none
none
6
1 1 1 1 1 1 1 1
Config_1
Config_2
Config_3
Config_4
Config_5
Config_6
Config_7
Config_8
1
mot_joint_nachi_0
mot_straight_0
mot_straight_0
mot_joint_nachi_0
mot_aux1_0
mot_aux2_0
0 0 0 0 0 0
0 0 0 0 0 0
0 0 0 0 0 0
1
0 0 0 0 0 0
=dof(1)
=dof(2)
=dof(3)
=dof(4)
=dof(5)
=dof(6)
1 2 3 4 5 6
18 -17 -17 16 -17 16
0 0 0 0 0 0
0 0 0 0 0 0
1 1 1
-4.371138828673793e-008 1.57852960400897e-024 1 0
-8.742277657347586e-008 -1 -3.82137093032941e-015 0
1 -8.742277657347586e-008 4.371138828673793e-008 0
369 0 0 1
1
1 0 0 0
0 1 0 0
0 0 1 0
0 0 0 1
1 0 0 0
0 1 0 0
0 0 1 0
0 0 0 1
1 0 0 0
0 1 0 0
0 0 1 0
0 0 0 1
1 0 0 0
0 1 0 0
0 0 1 0
0 0 0 1
1 0 0 0
0 1 0 0
0 0 1 0
0 0 0 1
1 0 0 0
0 1 0 0
0 0 1 0
0 0 0 1
1 0 0 0
0 1 0 0
0 0 1 0
0 0 0 1
1 0 0 0
0 1 0 0
0 0 1 0
0 0 0 1
1 0 0 0
0 1 0 0
0 0 1 0
0 0 0 1
1 0 0 0
0 1 0 0
0 0 1 0
0 0 0 1
1 0 0 0
0 1 0 0
0 0 1 0
0 0 0 1
1 0 0 0
0 1 0 0
0 0 1 0
0 0 0 1
1 0 0 0
0 1 0 0
0 0 1 0
0 0 0 1
1 0 0 0
0 1 0 0
0 0 1 0
0 0 0 1
1 0 0 0
0 1 0 0
0 0 1 0
0 0 0 1
1 0 0 0
0 1 0 0
0 0 1 0
0 0 0 1
1 0 0 0
0 1 0 0
0 0 1 0
0 0 0 1
1 0 0 0
0 1 0 0
0 0 1 0
0 0 0 1
1 0 0 0
0 1 0 0
0 0 1 0
0 0 0 1
1 0 0 0
0 1 0 0
0 0 1 0
0 0 0 1
1 0 0 0
0 1 0 0
0 0 1 0
0 0 0 1
1 0 0 0
0 1 0 0
0 0 1 0
0 0 0 1
1 0 0 0
0 1 0 0
0 0 1 0
0 0 0 1
1 0 0 0
0 1 0 0
0 0 1 0
0 0 0 1
1 0 0 0
0 1 0 0
0 0 1 0
0 0 0 1
1 0 0 0
0 1 0 0
0 0 1 0
0 0 0 1
1 0 0 0
0 1 0 0
0 0 1 0
0 0 0 1
1 0 0 0
0 1 0 0
0 0 1 0
0 0 0 1
1 0 0 0
0 1 0 0
0 0 1 0
0 0 0 1
1 0 0 0
0 1 0 0
0 0 1 0
0 0 0 1
1 0 0 0
0 1 0 0
0 0 1 0
0 0 0 1
1 0 0 0
0 1 0 0
0 0 1 0
0 0 0 1
1
1 0 0 0
0 1 0 0
0 0 1 0
0 0 0 1
0 0 0 0 0 0
0 0 0 0 0 0
0 0 0 0 0 0 0 0
-3.14161
=(ramp(dof(3)*DEG,-41,-65,-68.276,-16.2857)+16.2857+ramp(dof(3)*DEG,-68.276,-16.2857,-83,-9.01884))*RAD
=(ramp(dof(2)*DEG,-9.24813,-83,-16.286,-68.7402)+68.7402+ramp(dof(2)*DEG,-16.286,-68.7402,-65,-41))*RAD
-3.66519
-2.0944
-3.57792
3.14161
2.09441
1.5708
3.66519
2.0944
3.57792
130 130 130 230 230 305
894 894 894 1578 1578 2093
0.5 0.5 0.5 0.5 0.5 0.5
0 0 0 0 0 0
0 0 0 0 0 0
63
6
0 0
*
*
*
*
*
*
*
*
*
*
DEFAULT
0
0
0
*
*
*
*
Home_1
0
*
Joint 1
Joint 2
Joint 3
Joint 4
Joint 5
Joint 6
Utool 1
Utool 2
Utool 3
Utool 4
Utool 5
Utool 6
Utool 7
Utool 8
Utool 9
Utool 10
Utool 11
Utool 12
Utool 13
Utool 14
Utool 15
Utool 16
Utool 17
Utool 18
Utool 19
Utool 20
Utool 21
Utool 22
Utool 23
Utool 24
Utool 25
Utool 26
Utool 27
Utool 28
Utool 29
Utool 30
Utool 31
Utool 32
Uframe 1
0 0 0
5
0.1 0.00174533
0 0 1.41088 0 0 0
0 1 1 0 1 0
1 2 3 4 5 6
0 0 0 0 0 0
-0.1592324823141098 -2.506033795328941e-015 -0.9872411489486694 0
4.315365131901672e-008 1 -6.960270582112571e-009 0
0.9872411489486694 -4.371136697045586e-008 -0.1592324823141098 0
0 0 0 1
1 6.123031769111886e-017 0 0
-6.123031769111886e-017 1 0 0
0 0 1 0
0 0 -460 1
6.123031769111886e-017 6.123031769111886e-017 -1 0
-3.749151804555344e-033 1 6.123031769111886e-017 0
1 0 6.123031769111886e-017 0
-1.13686837721616e-013 0 -6.961081190993225e-030 1
0 0 1.24298e-013 0 4.96941e-021 0
720 1110 1256.03 6.96108e-030 -4.96941e-021 0
11
*NACHI-AX
*NACHI-AX
1 1 1 1 1 1
1 1 1 1 1 1
0 0 0 0
*
*
*
*
*
*
0
0
no_app_file
3
NACHI/AX/ST133TF-01A.par
0 1 1 1
1
6
10 1 1 327684 0 0 
-1 -1
-1 -1 -1
-1 -1 -1
-1 -1 -1
7
0
0 267 0
Device Sequence Information
2
*
0
*
-1 1 1 262145 0 
-1 1
1 1 1
-1 -1 -1
-1 -1 -1
1 0 0 0
0 1 0 0
0 0 1 0
0 0 0 1
NACHI/ST133TF_01A.0
0
0
0
10
0
*
*
*
*
*ST133TF_01A.0
0
**BEGIN_ATTRIBUTES**
0
**END_ATTRIBUTES**
1
-1 1 1 262145 0 
-1 1
1 1 1
-1 -1 -1
-1 -1 -1
1 0 0 0
0 1 0 0
0 0 1 0
0 0 460 1
NACHI/ST133TF_01A.1
2 5 18
1 1
0
10
0
*
*
*
*
*ST133TF_01A.1
0
**BEGIN_ATTRIBUTES**
0
**END_ATTRIBUTES**
1
-1 1 1 262145 0 
-1 1
1 1 1
-1 -1 -1
-1 -1 -1
6.123031769111886e-017 0 -1 0
0 1 0 0
1 0 6.123031769111886e-017 0
720 0 0 1
NACHI/ST133TF_01A.2
2 5 -17
1 2
0
10
0
*
*
*
*
*ST133TF_01A.2
0
**BEGIN_ATTRIBUTES**
0
**END_ATTRIBUTES**
1
-1 1 1 262145 0 
-1 1
1 1 1
-1 -1 -1
-1 -1 -1
-0.9685924053192139 0 0.2486540079116821 0
0 1 0 0
-0.2486540079116821 0 -0.9685924053192139 0
-167.5 0 43 1
NACHI/ST133TF_01A.piston
2 5 17
0
1
=sasa(1439.135, 1.529565-DOF(2), 172.9313)
10
0
*
*
*
*
*ST133TF_01A.piston
0
**BEGIN_ATTRIBUTES**
0
**END_ATTRIBUTES**
01
-1 1 1 262145 0 
-1 1
1 1 1
-1 -1 -1
-1 -1 -1
1 0 0 0
0 1 0 0
0 0 1 0
0 0 1110 1
NACHI/ST133TF_01A.3
2 5 -17
1 3
0
10
0
*
*
*
*
*ST133TF_01A.3
0
**BEGIN_ATTRIBUTES**
0
**END_ATTRIBUTES**
1
-1 1 1 262145 0 
-1 1
1 1 1
-1 -1 -1
-1 -1 -1
1 0 0 0
0 1 0 0
0 0 1 0
1240 0 200 1
NACHI/ST133TF_01A.4
2 5 16
1 4
0
10
0
*
*
*
*
*ST133TF_01A.4
0
**BEGIN_ATTRIBUTES**
0
**END_ATTRIBUTES**
1
-1 1 1 262145 0 
-1 1
1 1 1
-1 -1 -1
-1 -1 -1
1 0 0 0
0 1 0 0
0 0 1 0
0 0 0 1
NACHI/ST133TF_01A.5
2 5 -17
1 5
0
10
0
*
*
*
*
*ST133TF_01A.5
0
**BEGIN_ATTRIBUTES**
0
**END_ATTRIBUTES**
1
-1 1 1 262145 0 
-1 1
1 1 1
-1 -1 -1
-1 -1 -1
1 0 0 0
0 1 0 0
0 0 1 0
0 0 0 1
NACHI/ST133TF_01A.6
2 5 16
1 6
0
10
0
*
*
*
*
*ST133TF_01A.6
0
**BEGIN_ATTRIBUTES**
0
**END_ATTRIBUTES**
000001
-1 1 1 262145 0 
-1 1
1 1 1
-1 -1 -1
-1 -1 -1
0.9575197696685791 0 -0.2883676588535309 0
0 1 0 0
0.2883676588535309 0 0.9575197696685791 0
-658 0 414.9999694824219 1
NACHI/ST133TF_01A.cylinder
2 5 17
0
1
=-sasa(172.9313, 1.529565-DOF(2), 1439.135)
10
0
*
*
*
*
*ST133TF_01A.cylinder
0
**BEGIN_ATTRIBUTES**
0
**END_ATTRIBUTES**
0007
0
0
1
2
4
5
6
7
0
22
0
0
0
0
0
0
0
0
0
0
0
0
0
0
**BEGIN_ATTRIBUTES**
5
1
1
Robot Name
3 1 0 0
*ST133TF-01A
**END_ATTRIBUTES**
