12
K100S
1
16
-1
6
0
0
0
1
0
0
NOPROGRAM
17
0
1
2
3
4
5
6
7
8
9
10
11
12
13
14
15
16
2
1
1
4
MOTOMAN MRC
0
0.1
1600 1600 3000
360 360 360
720 720 720
0.5 0.5 0.5
0 0
1 375 1 1 0.1 0.5 0
0 0 0 2 1 2 0 0
kin_motoman_k10s
none
none
6
1 1 1 1
Config_1
Config_2
Config_3
Config_4
0
mot_joint_motoman_0
mot_straight_motoman_0
mot_straight_motoman_0
mot_joint_motoman_0
mot_aux1_0
mot_aux2_0
0 0 0 0 0 0
0 0 0 0 0 0
0 30 0 0 0 0
2
0 0 0 0 0 0
0 30 0 0 0 0
=dof(1)
=dof(2)-60*RAD
=dof(3)+90*RAD
=dof(4)
=dof(5)-90*RAD
=dof(6)
-99 -99 -99 -99 -99 -99
0 0 0 0 0 0
0 0 0 0 0 0
0 0 0 0 0 0
1 1 1
0 0 1 0
0 -1 0 0
1 0 0 0
200 0 0 1
1
1 0 0 0
0 1 0 0
0 0 1 0
0 0 0 1
1
1 0 0 0
0 1 0 0
0 0 1 0
0 0 0 1
0 950 1300 0 0 0
250 0 190 0 0 0
0 0 0 0 0 0 0 0
-2.61799
-0.436332
=max(-110*RAD,-30*RAD-dof(2))
-3.31613
-2.26893
-6.10865
2.61799
1.5708
=min(30*RAD,90*RAD-DOF(2))
3.31613
2.26893
6.10865
110 110 110 140 140 240
440 550 275 1400 700 1200
0.5 0.5 0.5 0.5 0.5 0.5
0 0 0 0 0 0
0 0 0 0 0 0
34
0
0 0
*
*
*
*
*
*
*
*
*
*
DEFAULT
0
0
0
*
*
*
*
Home_1
Home_2
0
*
*
Joint 1
Joint 2
Joint 3
Joint 4
Joint 5
Joint 6
Utool 1
Uframe 1
0 0 0
5
0.1 0.00174533
0 -2.0944 1.94927 0 0 0
0 0 1 0 1 0
1 2 3 4 5 6
0 0 0 0 0 0
0.1446169763803482 -2.43207257244059e-015 0.9894877672195435 0
-4.325189095766291e-008 1 6.321412282517258e-009 0
-0.9894877672195435 -4.371140249759264e-008 0.1446169763803482 0
0 0 0 1
1 -8.077720172369979e-016 0 0
8.077720172369979e-016 1 0 0
0 0 1 0
0 0 8.827210247039185e-021 1
1.615540011067496e-015 -1.615540011067496e-015 1 0
2.60998001170701e-030 1 1.615540011067496e-015 0
-1 1.048434704394566e-035 1.615540011067496e-015 0
0 0 0 1
0 0 3.5e-005 0 0 0
250 950 1313.81 0 0 0
11
*MOT-MRC
*MOT-MRC
1 1 1 1 1 1
1 1 1 1 1 1
0 0 0 0
*
*
*
*
*
*
0
0
no_app_file
3
no_par_file
0 1 1 1
1
6
7 1 1 262148 0 0 
-1 -1
-1 -1 -1
-1 -1 -1
-1 -1 -1
7
0
0 267 0
Device Sequence Information
2
*
0
*
-1 1 1 262145 0 
-1 1
1 1 1
-1 -1 -1
-1 -1 -1
1 0 0 0
0 1 0 0
0 0 1 0
0 0 830 1
MOTOMAN/K100S.0
0
0
0
10
0
*
*
*
*
*K100S.0
0
**BEGIN_ATTRIBUTES**
0
**END_ATTRIBUTES**
1
-1 1 1 262145 0 
-1 1
1 1 1
-1 -1 -1
-1 -1 -1
1 0 0 0
0 1 0 0
0 0 1 0
0 0 0 1
MOTOMAN/K100S.1
2 5 18
1 1
0
10
0
*
*
*
*
*K100S.1
0
**BEGIN_ATTRIBUTES**
0
**END_ATTRIBUTES**
1
5 1 1 262145 0 
-1 1
1 1 1
-1 -1 -1
-1 -1 -1
0.8667320609092712 0 0.4987740218639374 0
0 1 0 0
-0.4987740218639374 0 0.8667320609092712 0
249.8459930419922 0 200 1
MOTOMAN/K100S.2b_1
2 5 17
0
1
=sasa(200,dof(2)-30*RAD,750)+dof(2)
10
0
*
*
*
*
*K100S.2b_1
0
**BEGIN_ATTRIBUTES**
0
**END_ATTRIBUTES**
01
-1 1 1 262145 0 
-1 1
1 1 1
-1 -1 -1
-1 -1 -1
0.8660253286361694 0 0.5000001788139343 0
0 1 0 0
-0.5000001788139343 0 0.8660253286361694 0
250 0 -7.999999979801942e-006 1
MOTOMAN/K100S.2
2 5 17
1 2
0
10
0
*
*
*
*
*K100S.2
0
**BEGIN_ATTRIBUTES**
0
**END_ATTRIBUTES**
1
-1 1 1 262145 0 
-1 1
1 1 1
-1 -1 -1
-1 -1 -1
1 0 0 0
0 1 0 0
0 0 1 0
0 3.500000093481503e-005 750 1
MOTOMAN/K100S.2b
2 5 17
0
1
=sasa(200,dof(2)-30*RAD,750)
10
0
*
*
*
*
*K100S.2b
0
**BEGIN_ATTRIBUTES**
0
**END_ATTRIBUTES**
01
-1 1 1 262145 0 
-1 1
1 1 1
-1 -1 -1
-1 -1 -1
0.8660253286361694 0 -0.5000001788139343 0
0 1 0 0
0.5000001788139343 0 0.8660253286361694 0
0 3.500000093481503e-005 950 1
MOTOMAN/K100S.3
2 5 17
0
1
=-dof(3)-DOF(2)
10
0
*
*
*
*
*K100S.3
0
**BEGIN_ATTRIBUTES**
0
**END_ATTRIBUTES**
1
-1 1 1 262145 0 
-1 1
1 1 1
-1 -1 -1
-1 -1 -1
0.8660253286361694 0 0.5000001788139343 0
0 1 0 0
-0.5000001788139343 0 0.8660253286361694 0
-448.2929992675781 -50.00009918212891 -39.22000122070313 1
MOTOMAN/K100S.3a
2 5 17
0
1
=dof(2)+DOF(3)
10
0
*
*
*
*
*K100S.3a
0
**BEGIN_ATTRIBUTES**
0
**END_ATTRIBUTES**
01
-1 1 1 262145 0 
-1 1
1 1 1
-1 -1 -1
-1 -1 -1
1 0 0 0
0 1 0 0
0 0 1 0
1300 0 190 1
MOTOMAN/K100S.4
2 5 -16
1 4
0
10
0
*
*
*
*
*K100S.4
0
**BEGIN_ATTRIBUTES**
0
**END_ATTRIBUTES**
1
-1 1 1 262145 0 
-1 1
1 1 1
-1 -1 -1
-1 -1 -1
1 0 0 0
0 1 0 0
0 0 1 0
0 0 0 1
MOTOMAN/K100S.5
2 5 -17
1 5
0
10
0
*
*
*
*
*K100S.5
0
**BEGIN_ATTRIBUTES**
0
**END_ATTRIBUTES**
1
6 1 1 262145 0 
-1 1
1 1 1
-1 -1 -1
-1 -1 -1
1 0 0 0
0 1 0 0
0 0 1 0
0 0 0 1
MOTOMAN/K100S.6
2 5 -16
1 6
0
10
0
*
*
*
*
*K100S.6
0
**BEGIN_ATTRIBUTES**
0
**END_ATTRIBUTES**
000001
-1 1 1 262145 0 
-1 1
1 1 1
-1 -1 -1
-1 -1 -1
0.9986295104026794 0 0.05233597382903099 0
0 1 0 0
-0.05233597382903099 0 0.9986295104026794 0
250 0 -7.999999979801942e-006 1
MOTOMAN/K100S.2a
2 5 -17
1 3
0
10
0
*
*
*
*
*K100S.2a
0
**BEGIN_ATTRIBUTES**
0
**END_ATTRIBUTES**
0009
0
0
0
0
0
0
0
0
0
25
0
0
0
0
0
0
0
0
0
0
0
0
0
0
**BEGIN_ATTRIBUTES**
8
1
2
Robot Name
3 1 0 0
*K100S
.UUID
3 1 0 0
*4fa1473a_16c_3ad4aa90_2f7
**END_ATTRIBUTES**
