12
NY300II
1
16
-1
6
0
0
0
1
0
0
NOPROGRAM
17
0
1
2
3
4
5
6
7
8
9
10
11
12
13
14
15
16
1
1
1
8
MOTOMAN MRC
0
0
1600 1600 5000
360 360 360
720 720 720
0.5 0.5 0.5
0 0
1 375 1 1 0.1 0.5 0
0 0 0 2 0 2 0 1
kin_rob_generic_MRU
none
none
6
1 1 1 1 1 1 1 1
Config_1
Config_2
Config_3
Config_4
Config_5
Config_6
Config_7
Config_8
1
mot_joint_motoman_0
mot_straight_motoman_0
mot_straight_motoman_0
mot_joint_motoman_0
mot_aux1_0
mot_aux2_0
0 0 0 0 0 0
0 0 0 0 0 0
0 120 0 0 0 0
1
0 120 0 0 0 0
=dof(1)
=dof(2)
=-dof(3)+dof(2)
=dof(4)
=dof(5)
=dof(6)
1 2 3 4 5 6
18 -17 17 16 -17 16
0 0 0 0 0 0
0 0 0 0 0 0
1 1 1
0 0 1 0
0 -1 0 0
1 0 0 0
300 0 0 1
1
1 0 0 0
0 1 0 0
0 0 1 0
0 0 0 1
1
1 0 0 0
0 1 0 0
0 0 1 0
0 0 0 1
0 0 0 0 0 0
0 0 0 0 0 0
0 0 0 0 0 0 0 0
-2.61799
0.523599
=(ramp(dof(2)*DEG,30,-110,45,-105)+105+ramp(dof(2)*DEG,45,-105,145,-5))*RAD
-6.10865
-2.18166
-6.10865
2.61799
2.53073
=ramp(dof(2)*DEG,30,-10.125,60,30)*RAD
6.10865
2.18166
6.10865
75 75 75 100 100 100
187.5 75 75 166.7 166.7 266.7
0.5 0.5 0.5 0.5 0.5 0.5
0 0 0 0 0 0
0 0 0 0 0 0
32
6
0 0
*
*
*
*
*
*
*
*
*
*
DEFAULT
0
0
0
*
*
*
*
Home_1
0
*
Joint 1
Joint 2
Joint 3
Joint 4
Joint 5
Joint 6
Utool 1
Uframe 1
0 0 0
5
0.1 0.00174533
0 1.19209e-007 -0.187177 0 0 0
0 1 0 0 1 0
1 2 3 4 5 6
0 0 0 0 0 0
-0.1860859841108322 4.884724657367671e-016 -0.9825334548950195 0
4.294790301173634e-008 1 -8.13407652344722e-009 0
0.9825334548950195 -4.371138828673793e-008 -0.1860859841108322 0
0 0 0 1
1 6.123031769111886e-017 0 0
-6.123031769111886e-017 1 0 0
0 0 1 0
0 0 -7.494094286146062e-022 1
6.123031769111886e-017 6.123031769111886e-017 -1 0
-3.749151804555344e-033 1 6.123031769111886e-017 0
1 0 6.123031769111886e-017 0
-9.938819013481845e-021 0 -6.085570629673039e-037 1
0 0 9.67439e-014 0 4.06595e-028 0
280 1050 1343.47 2.27374e-013 2.27374e-013 0
11
*MOT-MRC
*MOT-MRC
1 1 1 1 1 1
1 1 1 1 1 1
0 0 0 0
*
*
*
*
*
*
0
0
no_app_file
3
MOTOMAN/MRC/NY300II.par
0 1 1 1
1
6
9 1 1 327684 0 0 
-1 -1
-1 -1 -1
-1 -1 -1
-1 -1 -1
7
0
0 267 0
Device Sequence Information
2
*
0
*
-1 1 1 262145 0 
-1 1
1 1 1
-1 -1 -1
-1 -1 -1
1 0 0 0
0 1 0 0
0 0 1 0
0 0 900 1
MOTOMAN/NY300II.0
0
0
0
10
0
*
*
*
*
*NY300II.0
0
**BEGIN_ATTRIBUTES**
0
**END_ATTRIBUTES**
1
-1 1 1 262145 0 
-1 1
1 1 1
-1 -1 -1
-1 -1 -1
1 0 0 0
0 1 0 0
0 0 1 0
0 0 0 1
MOTOMAN/NY300II.1
2 5 18
1 1
0
10
0
*
*
*
*
*NY300II.1
0
**BEGIN_ATTRIBUTES**
0
**END_ATTRIBUTES**
1
-1 1 1 262145 0 
-1 1
1 1 1
-1 -1 -1
-1 -1 -1
-0.2563329041004181 0 -0.9665886163711548 0
0 1 0 0
0.9665886163711548 0 -0.2563329041004181 0
280 -239 240 1
MOTOMAN/NY250S.1b
2 5 17
0
1
=sasa(240,PI/2-DOF(2),905)-sasa(240,PI/2,905)-DOF(2)
10
0
*
*
*
*
*NY250S.1b
0
**BEGIN_ATTRIBUTES**
0
**END_ATTRIBUTES**
01
-1 1 1 262145 0 
-1 1
1 1 1
-1 -1 -1
-1 -1 -1
1 0 0 0
0 1 0 0
0 0 1 0
280 0 0 1
MOTOMAN/NY250S.1a
2 5 -17
1 3
0
10
0
*
*
*
*
*NY250S.1a
0
**BEGIN_ATTRIBUTES**
0
**END_ATTRIBUTES**
01
-1 1 1 262145 0 
-1 1
1 1 1
-1 -1 -1
-1 -1 -1
6.123031769111886e-017 0 -1 0
0 1 0 0
1 0 6.123031769111886e-017 0
280 0 0 1
MOTOMAN/NY300II.2
2 5 -17
1 2
0
10
0
*
*
*
*
*NY300II.2
0
**BEGIN_ATTRIBUTES**
0
**END_ATTRIBUTES**
1
-1 1 1 262145 0 
-1 1
1 1 1
-1 -1 -1
-1 -1 -1
0.9665886163711548 0 -0.2563329041004181 0
0 1 0 0
0.2563329041004181 0 0.9665886163711548 0
2.099999983329326e-005 -239 905 1
MOTOMAN/NY300II.2a
2 5 17
0
1
=sasa(240,PI/2-dof(2),905)-sasa(240,PI/2,905)
10
0
*
*
*
*
*NY300II.2a
0
**BEGIN_ATTRIBUTES**
0
**END_ATTRIBUTES**
01
-1 1 1 262145 0 
-1 1
1 1 1
-1 -1 -1
-1 -1 -1
0 0 1 0
0 1 0 0
-1 0 0 0
6.099999882280827e-005 0 1050 1
MOTOMAN/NY300II.3
2 5 17
0
1
=-dof(3)+DOF(2)
10
0
*
*
*
*
*NY300II.3
0
**BEGIN_ATTRIBUTES**
0
**END_ATTRIBUTES**
1
-1 1 1 262145 0 
-1 1
1 1 1
-1 -1 -1
-1 -1 -1
6.123031769111886e-017 0 -1 0
0 1 0 0
1 0 6.123031769111886e-017 0
-500 0 0 1
MOTOMAN/NY300II.3a
2 5 17
0
1
=dof(3)-DOF(2)
10
0
*
*
*
*
*NY300II.3a
0
**BEGIN_ATTRIBUTES**
0
**END_ATTRIBUTES**
01
-1 1 1 262145 0 
-1 1
1 1 1
-1 -1 -1
-1 -1 -1
1 0 0 0
0 1 0 0
0 0 1 0
1320 0 250.0001220703125 1
MOTOMAN/NY300II.4
2 5 16
1 4
0
10
0
*
*
*
*
*NY300II.4
0
**BEGIN_ATTRIBUTES**
0
**END_ATTRIBUTES**
1
-1 1 1 262145 0 
-1 1
1 1 1
-1 -1 -1
-1 -1 -1
1 0 0 0
0 1 0 0
0 0 1 0
0 0 0 1
MOTOMAN/NY300II.5
2 5 -17
1 5
0
10
0
*
*
*
*
*NY300II.5
0
**BEGIN_ATTRIBUTES**
0
**END_ATTRIBUTES**
1
5 1 1 262145 0 
-1 1
1 1 1
-1 -1 -1
-1 -1 -1
1 0 0 0
0 1 0 0
0 0 1 0
0 0 0 1
MOTOMAN/NY300II.6
2 5 16
1 6
0
10
0
*
*
*
*
*NY300II.6
0
**BEGIN_ATTRIBUTES**
0
**END_ATTRIBUTES**
000000010
0
0
1
4
6
8
9
10
0
22
0
0
0
0
0
0
0
0
0
0
0
0
0
0
**BEGIN_ATTRIBUTES**
5
1
1
Robot Name
3 1 0 0
*NY300II
**END_ATTRIBUTES**
