12
0
0
0
6
6
*
10
-71.568863 -364.450470 -232.500198
-71.568863 -364.450470 -219.800186
-141.568863 -364.450470 -219.800186
-141.568863 -364.450470 -232.500198
-141.568863 -56.450470 -219.800186
-141.568863 -56.450470 -232.500198
-99.853127 -56.450470 -232.500198
-71.568863 -87.563171 -232.500198
-71.568863 -87.563171 -219.800186
-99.853134 -56.450470 -219.800186
0
15
7 8
9 6
9 4
8 9
1 8
7 0
6 7
5 6
5 3
4 5
2 4
3 0
2 3
1 2
0 1
7
4 -2 -4 -1 -7
4 1 -5 -15 -6
4 -8 -10 -3 2
4 -13 11 10 9
4 15 14 13 12
5 -14 5 4 3 -11
5 -9 8 7 6 -12
0
0
6
*
10
141.885406 -364.450470 -232.500198
141.885406 -364.450470 -219.800186
71.885414 -364.450470 -219.800186
71.885414 -364.450470 -232.500198
141.885406 -56.450470 -232.500198
141.885406 -56.450470 -219.800186
99.853157 -56.450470 -232.500198
99.853157 -56.450470 -219.800186
71.885414 -87.214958 -232.500198
71.885414 -87.214958 -219.800186
0
15
7 9
8 6
9 8
6 7
2 9
8 3
7 5
4 6
0 4
5 1
4 5
3 0
2 3
1 2
0 1
7
4 -4 -2 -3 -1
4 6 -13 5 3
4 4 7 -11 8
4 11 10 -15 9
4 15 14 13 12
5 -7 1 -5 -14 -10
5 -9 -12 -6 2 -8
0
0
6
*
10
-99.853127 56.450470 -219.800186
-99.853134 56.450470 -232.500198
-71.568863 87.563171 -219.800186
-71.568863 87.563171 -232.500198
-141.568863 56.450470 -219.800186
-141.568863 56.450470 -232.500198
-71.568863 364.450470 -219.800186
-141.568863 364.450470 -219.800186
-141.568863 364.450470 -232.500198
-71.568863 364.450470 -232.500198
0
15
9 8
8 7
7 6
6 9
8 5
5 4
4 7
3 9
6 2
5 1
0 4
2 3
1 0
3 1
0 2
7
4 -12 -15 -13 -14
4 10 13 11 -6
4 8 -4 9 12
4 5 6 7 -2
4 1 2 3 4
5 -3 -7 -11 15 -9
5 -1 -8 14 -10 -5
0
0
6
*
10
100.169693 56.450470 -219.800186
71.885414 87.563156 -219.800186
100.169693 56.450470 -232.500198
71.885414 87.563171 -232.500198
141.885406 56.450470 -219.800186
141.885406 56.450470 -232.500198
141.885406 364.450470 -219.800186
71.885414 364.450470 -219.800186
71.885414 364.450470 -232.500198
141.885406 364.450470 -232.500198
0
15
9 8
8 7
7 6
6 9
5 9
6 4
4 5
3 8
5 2
2 3
7 1
1 0
0 4
0 2
3 1
7
4 -14 -12 -15 -10
4 -8 15 -11 -2
4 -9 -7 -13 14
4 5 -4 6 7
4 1 2 3 4
5 11 12 13 -6 -3
5 8 -1 -5 9 10
0
0
6
*
28
285.626160 -393.000458 -337.500153
285.626160 -202.000458 -232.500168
285.626160 -393.000458 -232.500168
285.626160 -202.000458 -337.500153
-253.492538 -202.000427 -232.500198
-253.492538 -195.000427 -330.500183
-253.492554 -393.000427 -232.500198
-253.492554 -400.000427 -330.500183
285.626160 -202.000458 -239.500168
285.626160 -393.000458 -239.500168
285.626160 -393.000458 -330.500153
285.626160 -202.000458 -330.500153
-253.492554 -393.000427 -239.500198
284.857056 -393.000458 -239.500168
284.857056 -202.000458 -239.500168
-253.492538 -202.000427 -239.500198
284.857056 -393.000458 -330.500153
-253.492554 -393.000427 -330.500183
-253.492538 -202.000427 -330.500183
284.857056 -202.000458 -330.500153
-253.492554 -400.000427 -232.500198
285.626160 -400.000458 -232.500168
285.626160 -195.000458 -232.500168
-253.492538 -195.000427 -232.500198
285.626160 -195.000458 -337.500153
285.626160 -400.000458 -337.500153
-253.492554 -400.000427 -337.500183
-253.492538 -195.000427 -337.500183
0
59
26 27
25 26
24 25
27 24
22 23
21 22
20 21
23 20
20 26
25 21
22 24
27 23
18 17
15 12
18 15
11 10
9 10
11 8
9 8
19 18
16 19
17 16
18 17
14 15
19 14
13 12
14 13
17 12
12 6
4 15
15 12
6 4
3 11
2 9
8 1
1 2
10 0
0 3
11 18
17 10
9 12
15 8
5 27
7 5
26 7
17 7
6 17
20 6
7 20
5 18
23 5
4 23
18 4
25 0
2 21
0 2
22 1
3 24
1 3
19
4 4 3 2 1
4 8 7 6 5
4 10 -7 9 -2
4 12 -5 11 -4
4 23 22 21 20
4 -20 25 24 -15
4 -24 27 26 -14
4 29 32 30 31
4 35 36 34 19
4 37 38 33 16
4 40 -16 39 13
4 42 -19 41 -14
4 -40 28 -41 17
4 -39 18 -42 -15
4 -1 45 44 43
4 49 48 47 46
4 53 52 51 50
4 56 55 -10 54
4 59 58 -11 57
0
0
6
*
28
285.626160 393.000458 -337.500153
285.626160 202.000458 -232.500168
285.626160 393.000458 -232.500168
285.626160 202.000458 -337.500153
-253.492538 202.000427 -232.500198
-253.492538 195.000427 -330.500183
-253.492554 393.000427 -232.500198
-253.492554 400.000427 -330.500183
285.626160 202.000458 -239.500168
285.626160 393.000458 -239.500168
285.626160 393.000458 -330.500153
285.626160 202.000458 -330.500153
-253.492554 393.000427 -239.500198
284.857056 393.000458 -239.500168
284.857056 202.000458 -239.500168
-253.492538 202.000427 -239.500198
284.857056 393.000458 -330.500153
-253.492554 393.000427 -330.500183
-253.492538 202.000427 -330.500183
284.857056 202.000458 -330.500153
-253.492554 400.000427 -232.500198
285.626160 400.000458 -232.500168
285.626160 195.000458 -232.500168
-253.492538 195.000427 -232.500198
285.626160 195.000458 -337.500153
285.626160 400.000458 -337.500153
-253.492554 400.000427 -337.500183
-253.492538 195.000427 -337.500183
0
59
27 26
26 25
25 24
24 27
23 22
22 21
21 20
20 23
26 20
21 25
24 22
23 27
17 18
12 15
15 18
10 11
10 9
8 11
8 9
18 19
19 16
16 17
17 18
15 14
14 19
12 13
13 14
12 17
6 12
15 4
12 15
4 6
11 3
9 2
1 8
2 1
0 10
3 0
18 11
10 17
12 9
8 15
27 5
5 7
7 26
7 17
17 6
6 20
20 7
18 5
5 23
23 4
4 18
0 25
21 2
2 0
1 22
24 3
3 1
19
4 1 2 3 4
4 5 6 7 8
4 -2 9 -7 10
4 -4 11 -5 12
4 20 21 22 23
4 -15 24 25 -20
4 -14 26 27 -24
4 31 30 32 29
4 19 34 36 35
4 16 33 38 37
4 13 39 -16 40
4 -14 41 -19 42
4 17 -41 28 -40
4 -15 -42 18 -39
4 43 44 45 -1
4 46 47 48 49
4 50 51 52 53
4 54 -10 55 56
4 57 -11 58 59
0
0
