11
0
0
0
57
-2
108
42.499847 122.999992 73.611984
73.612030 122.999992 42.499924
79.873749 122.999992 29.071701
83.708466 122.999992 14.760178
84.999725 122.999992 0.000045
83.708473 122.999992 -14.759964
79.873634 122.999992 -29.071609
73.611916 122.999992 -42.499832
65.113503 122.999992 -54.636795
54.636696 122.999992 -65.113602
42.499733 122.999992 -73.612015
29.071449 122.999992 -79.873734
14.759803 122.999992 -83.708450
-0.000268 122.999992 -84.999718
-14.760339 122.999992 -83.708336
-29.071922 122.999992 -79.873497
-42.500145 122.999992 -73.611778
-54.637047 122.999992 -65.113365
-65.113853 122.999992 -54.636559
-73.612206 122.999992 -42.499596
-79.873863 122.999992 -29.071373
-83.708641 122.999992 -14.759727
-84.999969 122.999992 0.000404
-83.708588 122.999992 14.760414
-79.873749 122.999992 29.071938
-73.612030 122.999992 42.500160
-65.113617 122.999992 54.637123
-54.636749 122.999992 65.113930
-42.499786 122.999992 73.612221
-29.071503 122.999992 79.873940
-14.759857 122.999992 83.708656
29.071625 122.999992 79.873703
29.071625 83.999992 79.873703
25.309357 73.000000 69.536789
12.849884 73.000000 72.875412
0.000213 122.999992 84.999916
14.760040 122.999992 83.708420
14.760040 83.999992 83.708420
0.000213 83.999992 84.999916
0.000031 73.000000 73.999672
-14.759857 83.999992 83.708656
-12.849701 73.000000 72.875404
-29.071503 83.999992 79.873940
-25.309235 73.000000 69.537025
-42.499786 83.999992 73.612221
-36.999725 73.000000 64.085854
-54.636749 83.999992 65.113930
-47.565948 73.000000 56.687172
-65.113617 83.999992 54.637123
-56.686981 73.000000 47.566322
-73.612030 83.999992 42.500160
-64.085541 73.000000 36.999916
-79.873749 83.999992 29.071938
-69.536896 73.000000 25.309608
-83.708588 83.999992 14.760414
-72.875458 73.000000 12.850136
-84.999969 83.999992 0.000404
-73.999664 73.000000 0.000283
-83.708641 83.999992 -14.759727
-72.875511 73.000000 -12.849693
-79.873863 83.999992 -29.071373
-69.537010 73.000000 -25.309044
-73.612206 83.999992 -42.499596
-64.085716 73.000000 -36.999474
-65.113853 83.999992 -54.636559
-56.687160 73.000000 -47.565758
-54.637047 83.999992 -65.113365
-47.566246 73.000000 -56.686729
-42.500145 83.999992 -73.611778
-37.000023 73.000000 -64.085289
-29.071922 83.999992 -79.873497
-25.309595 73.000000 -69.536705
-14.760339 83.999992 -83.708336
-12.850183 73.000000 -72.875206
-0.000268 83.999992 -84.999718
-0.000268 73.000000 -73.999474
14.759803 83.999992 -83.708450
12.849647 73.000000 -72.875320
29.071449 83.999992 -79.873734
25.309118 73.000000 -69.536819
42.499733 83.999992 -73.612015
36.999550 73.000000 -64.085403
54.636696 83.999992 -65.113602
47.565834 73.000000 -56.686970
65.113503 83.999992 -54.636795
56.686802 73.000000 -47.565994
73.611916 83.999992 -42.499832
64.085426 73.000000 -36.999710
79.873634 83.999992 -29.071609
69.536720 73.000000 -25.309282
83.708473 83.999992 -14.759964
72.875343 73.000000 -12.849931
84.999725 83.999992 0.000045
73.999481 73.000000 0.000045
83.708466 83.999992 14.760178
72.875336 73.000000 12.850020
79.873749 83.999992 29.071701
69.536835 73.000000 25.309370
73.612030 83.999992 42.499924
64.085541 73.000000 36.999680
56.686920 73.000000 47.566086
54.636749 122.999992 65.113693
65.113556 122.999992 54.636887
65.113556 83.999992 54.636887
42.499847 83.999992 73.611984
54.636749 83.999992 65.113693
47.566010 73.000000 56.686932
36.999786 73.000000 64.085617
0
73
4 107 106 105 104
4 105 103 102 101
4 100 99 98 103
4 99 97 96 98
4 97 95 94 96
4 95 93 92 94
4 93 91 90 92
4 91 89 88 90
4 89 87 86 88
4 87 85 84 86
4 85 83 82 84
4 83 81 80 82
4 81 79 78 80
4 79 77 76 78
4 77 75 74 76
4 75 73 72 74
4 73 71 70 72
4 71 69 68 70
4 69 67 66 68
4 67 65 64 66
4 65 63 62 64
4 63 61 60 62
4 61 59 58 60
4 59 57 56 58
4 57 55 54 56
4 55 53 52 54
4 53 51 50 52
4 51 49 48 50
4 49 47 46 48
4 47 45 44 46
4 45 43 42 44
4 43 41 40 42
4 41 39 38 40
4 38 37 36 35
4 34 33 32 37
4 37 32 31 36
4 39 34 37 38
4 40 38 35 30
4 42 40 30 29
4 44 42 29 28
4 46 44 28 27
4 48 46 27 26
4 50 48 26 25
4 52 50 25 24
4 54 52 24 23
4 56 54 23 22
4 58 56 22 21
4 60 58 21 20
4 62 60 20 19
4 64 62 19 18
4 66 64 18 17
4 68 66 17 16
4 70 68 16 15
4 72 70 15 14
4 74 72 14 13
4 76 74 13 12
4 78 76 12 11
4 80 78 11 10
4 82 80 10 9
4 84 82 9 8
4 86 84 8 7
4 88 86 7 6
4 90 88 6 5
4 92 90 5 4
4 94 92 4 3
4 96 94 3 2
4 98 96 2 1
4 103 98 1 102
4 104 105 101 0
4 33 107 104 32
4 32 104 0 31
4 106 100 103 105
36 106 107 33 34 39 41 43 45 47 49 51 53 55 57 59 61
   63 65 67 69 71 73 75 77 79 81 83 85 87 89 91 93
   95 97 99 100
0
0
-2
33
176.999939 -145.259018 25.613251
181.999939 -150.183060 26.481415
209.499939 -150.183060 26.481417
176.999939 -138.604553 50.447968
181.999939 -143.303009 52.158173
209.499939 -143.303009 52.158173
176.999939 -127.738647 73.749962
181.999939 -132.068771 76.249969
209.499939 -132.068771 76.249969
176.999939 -112.991470 94.811241
176.999939 -107.499992 100.302696
181.999939 -116.821693 98.025116
209.499939 -116.821693 98.025116
209.499939 -107.499992 107.346893
181.999939 -107.499992 107.346893
176.999954 -107.499992 -100.302650
209.499954 -107.499992 -107.346832
181.999954 -107.499992 -107.346832
176.999939 -112.991524 -94.811073
181.999939 -116.821747 -98.025055
209.499939 -116.821747 -98.025055
176.999939 -127.738724 -73.749916
181.999939 -132.068848 -76.249908
209.499939 -132.068848 -76.249908
176.999939 -138.604645 -50.447906
181.999939 -143.303101 -52.157990
209.499939 -143.303101 -52.157990
176.999939 -145.259140 -25.613068
176.999939 -147.500000 0.000091
181.999939 -150.183167 -26.481232
209.499939 -150.183167 -26.481230
209.499939 -152.500000 0.000093
181.999939 -152.500000 0.000091
0
22
4 0 28 32 1
4 1 32 31 2
4 3 0 1 4
4 4 1 2 5
4 6 3 4 7
4 7 4 5 8
4 9 6 7 11
4 11 7 8 12
4 10 9 11 14
4 14 11 12 13
4 15 17 19 18
4 17 16 20 19
4 21 18 19 22
4 22 19 20 23
4 24 21 22 25
4 25 22 23 26
4 27 24 25 29
4 29 25 26 30
4 28 27 29 32
4 32 29 30 31
11 0 3 6 9 10 15 18 21 24 27 28
11 8 5 2 31 30 26 23 20 16 13 12
0
0
-2
69
169.999939 -107.499992 -62.065094
169.999939 -107.499992 62.065155
159.282776 -107.499992 18.955292
161.755188 -109.268867 19.267181
161.755188 -107.499992 25.868622
162.893372 -113.627380 20.035736
167.539246 -116.198578 20.489105
169.999939 -120.416695 21.232880
169.999939 -123.554810 21.786102
172.089783 -127.558960 22.492157
174.910095 -128.944809 22.736542
176.999939 -132.948959 23.442596
162.641052 -107.499992 39.126923
162.893372 -108.421989 39.462616
162.893372 -107.499992 41.439911
167.539246 -110.875397 40.355438
169.999939 -114.900276 41.820282
169.999939 -107.499992 57.690155
167.539246 -107.499992 47.593964
169.999939 -117.894630 42.910370
172.089783 -121.715347 44.300995
174.910095 -123.037712 44.782196
176.999939 -126.858429 46.172821
169.999939 -108.652283 62.730438
169.999939 -107.499992 64.376183
172.089783 -112.173477 64.763390
172.089783 -107.499992 71.437950
174.910095 -113.392174 65.467003
176.999939 -116.913361 67.499962
176.999939 -107.499992 80.943565
174.910095 -107.499992 73.882042
169.999939 -107.499992 -64.376137
172.089783 -107.499992 -71.437904
176.999939 -107.499992 -80.943642
174.910095 -107.499992 -73.881874
162.893372 -107.499992 -41.439728
169.999939 -107.499992 -57.690338
167.539246 -107.499992 -47.593903
169.999939 -108.652328 -62.730377
172.089783 -112.173523 -64.763344
174.910095 -113.392204 -65.466957
176.999939 -116.913399 -67.499916
162.641052 -107.499992 -39.126740
161.755188 -107.499992 -25.868805
162.893372 -108.422058 -39.462311
167.539246 -110.875450 -40.355255
169.999939 -114.900345 -41.820221
169.999939 -117.894699 -42.910065
172.089783 -121.715416 -44.300690
174.910095 -123.037766 -44.782013
176.999939 -126.858482 -46.172638
159.282654 -107.499992 -18.955109
156.999939 -107.499992 -0.000032
161.755188 -109.268929 -19.266998
161.755188 -110.954590 0.000091
162.893372 -113.627472 -20.035553
162.893372 -115.380371 0.000091
167.539246 -116.198647 -20.488922
169.999939 -120.416779 -21.232697
169.999939 -122.274414 0.000091
167.539246 -117.991211 0.000091
169.999939 -123.554893 -21.785919
169.999939 -125.460938 0.000091
172.089783 -127.559044 -22.491974
172.089783 -129.526855 0.000091
174.910095 -128.944885 -22.736359
176.999939 -132.949036 -23.442413
176.999939 -135.000000 0.000091
174.910095 -130.934082 0.000091
0
54
3 0 31 38
3 1 23 24
3 4 2 3
3 14 12 13
3 42 35 44
3 51 43 53
4 46 47 61 58
4 58 61 62 59
4 59 62 8 7
4 7 8 19 16
4 52 54 3 2
4 3 54 56 5
4 5 56 60 6
4 6 60 59 7
4 8 62 64 9
4 9 64 68 10
4 10 68 67 11
4 13 5 6 15
4 15 6 7 16
4 19 8 9 20
4 20 9 10 21
4 21 10 11 22
4 14 13 15 18
4 18 15 16 17
4 23 19 20 25
4 25 20 21 27
4 27 21 22 28
4 24 23 25 26
4 26 25 27 30
4 30 27 28 29
4 31 32 39 38
4 32 34 40 39
4 34 33 41 40
4 35 37 45 44
4 37 36 46 45
4 47 38 39 48
4 48 39 40 49
4 49 40 41 50
4 55 44 45 57
4 57 45 46 58
4 61 47 48 63
4 63 48 49 65
4 65 49 50 66
4 52 51 53 54
4 54 53 55 56
4 56 55 57 60
4 60 57 58 59
4 62 61 63 64
4 64 63 65 68
4 68 65 66 67
5 0 38 47 46 36
5 16 19 23 1 17
5 4 3 5 13 12
5 43 42 44 55 53
0
0
-2
20
162.000061 -82.499992 89.998985
209.500320 -107.499992 -134.998566
162.000061 -62.499996 89.998985
177.000183 -52.499996 131.764862
132.000305 -82.499992 134.999237
132.000061 -82.499992 89.999229
162.000061 -82.499992 -89.998817
132.000320 -82.499992 -134.999054
177.000320 -52.499996 -134.998810
177.000198 -52.499996 -131.764679
162.000061 -62.499996 -89.998817
132.000061 -82.499992 -89.999062
209.500305 107.499992 134.998749
177.000305 107.499992 134.998993
177.000305 -52.499996 134.998993
209.500305 -107.499992 134.998749
209.499344 -107.499992 -135.001129
209.499344 107.499992 -135.001129
176.999344 -52.499996 -135.000885
176.999344 107.499992 -135.000885
0
11
3 7 8 1
3 2 0 5
3 14 4 15
3 10 11 6
4 13 12 17 19
4 14 13 19 18
4 17 16 18 19
4 12 15 16 17
4 12 13 14 15
5 5 4 14 3 2
5 11 10 9 8 7
0
0
-2
72
161.999939 11.167833 63.335663
120.999817 4.048279 22.958708
120.999817 7.973553 21.906828
161.999939 21.996338 60.434052
120.999817 11.656554 20.189421
161.999939 32.156494 55.696503
161.999939 41.339592 49.266327
120.999817 14.985376 17.858610
120.999817 17.858875 14.985074
161.999939 49.266605 41.339325
161.999939 55.696678 32.156219
120.999817 20.189741 11.656217
161.999939 60.434437 21.996063
120.999817 21.907152 7.973234
161.999939 63.335922 11.167571
120.999817 22.958925 4.047941
120.999817 23.313103 -0.000277
120.999817 22.958923 -4.048495
161.999939 64.312981 -0.000276
161.999939 63.335922 -11.168122
120.999817 21.907148 -7.973788
120.999817 20.189737 -11.656772
161.999939 60.434433 -21.996613
120.999825 17.858871 -14.985629
161.999939 55.696674 -32.156769
161.999939 49.266598 -41.339874
120.999825 14.985373 -17.859163
120.999825 11.656550 -20.189974
161.999939 41.339581 -49.266876
161.999939 32.156483 -55.696930
120.999825 7.973550 -21.907381
120.999825 4.048278 -22.959139
161.999939 21.996326 -60.434723
161.999939 11.167824 -63.336212
161.999939 0.000000 -64.313271
120.999825 0.000000 -23.313387
120.999825 -4.048277 -22.959139
161.999939 -11.167830 -63.336212
161.999939 -21.996332 -60.434723
120.999825 -7.973548 -21.907381
161.999939 -32.156487 -55.696930
120.999825 -11.656548 -20.189974
120.999825 -14.985369 -17.859163
161.999939 -41.339581 -49.266876
120.999825 -17.858868 -14.985629
161.999939 -49.266594 -41.339874
161.999939 -55.696667 -32.156769
120.999817 -20.189734 -11.656772
161.999939 -60.434422 -21.996613
120.999817 -21.907145 -7.973788
120.999817 -22.958918 -4.048495
120.999817 -23.313095 -0.000277
161.999939 -63.335907 -11.168122
120.999817 -22.958916 4.047941
161.999939 -64.312965 -0.000276
120.999817 -21.907143 7.973234
161.999939 -63.335907 11.167571
120.999817 -20.189732 11.656217
161.999939 -60.434418 21.996063
161.999939 -55.696659 32.156219
120.999817 -17.858866 14.985074
161.999939 -49.266586 41.339325
120.999817 -14.985367 17.858610
161.999939 -41.339573 49.266327
120.999817 -11.656546 20.189421
161.999939 -32.156479 55.696259
161.999939 -21.996326 60.434052
120.999817 -7.973546 21.906828
120.999817 -4.048275 22.958586
161.999939 -11.167827 63.335663
120.999817 0.000000 23.312834
161.999939 0.000000 64.312706
0
38
4 69 71 70 68
4 66 69 68 67
4 65 66 67 64
4 63 65 64 62
4 61 63 62 60
4 59 61 60 57
4 58 59 57 55
4 56 58 55 53
4 54 56 53 51
4 52 54 51 50
4 48 52 50 49
4 46 48 49 47
4 45 46 47 44
4 43 45 44 42
4 40 43 42 41
4 38 40 41 39
4 37 38 39 36
4 34 37 36 35
4 33 34 35 31
4 32 33 31 30
4 29 32 30 27
4 28 29 27 26
4 25 28 26 23
4 24 25 23 21
4 22 24 21 20
4 19 22 20 17
4 18 19 17 16
4 14 18 16 15
4 12 14 15 13
4 10 12 13 11
4 9 10 11 8
4 6 9 8 7
4 5 6 7 4
4 3 5 4 2
4 0 3 2 1
4 71 0 1 70
36 1 2 4 7 8 11 13 15 16 17 20 21 23 26 27 30
   31 35 36 39 41 42 44 47 49 50 51 53 55 57 60 62
   64 67 68 70
36 25 24 22 19 18 14 12 10 9 6 5 3 0 71 69 66
   65 63 61 59 58 56 54 52 48 46 45 43 40 38 37 34
   33 32 29 28
0
0
-2
40
161.999573 83.999992 -42.001007
129.999573 83.999992 -42.000889
122.282661 83.999992 -41.285801
114.827583 83.999992 -39.164585
107.889595 83.999992 -35.709873
101.704659 83.999992 -31.039219
96.482979 83.999992 -25.311436
92.402779 83.999992 -18.721714
89.602966 83.999992 -11.494541
88.178894 83.999992 -3.876011
88.179016 83.999992 3.874599
89.603088 83.999992 11.493130
92.402893 83.999992 18.720303
96.483093 83.999992 25.309902
101.704895 83.999992 31.037563
107.889832 83.999992 35.708218
114.827942 83.999992 39.163052
122.282898 83.999992 41.284145
129.999939 83.999992 41.999233
161.999939 83.999992 41.998993
129.999573 15.999997 -42.000889
161.999573 16.000000 -42.001007
122.282661 15.999997 -41.285801
114.827583 15.999997 -39.164585
107.889595 15.999997 -35.709873
101.704659 15.999997 -31.039219
96.482979 15.999997 -25.311436
92.402779 15.999997 -18.721714
89.602966 15.999997 -11.494541
88.178894 15.999997 -3.876011
88.179016 15.999997 3.874599
89.603088 15.999997 11.493130
92.402893 15.999997 18.720303
96.483093 15.999997 25.309902
101.704895 15.999997 31.037563
107.889832 15.999997 35.708218
114.827942 15.999997 39.163052
122.282898 15.999997 41.284145
129.999939 15.999997 41.999233
161.999939 15.999997 41.998993
0
22
4 21 0 19 39
4 39 19 18 38
4 38 18 17 37
4 37 17 16 36
4 36 16 15 35
4 35 15 14 34
4 34 14 13 33
4 33 13 12 32
4 32 12 11 31
4 31 11 10 30
4 30 10 9 29
4 29 9 8 28
4 28 8 7 27
4 27 7 6 26
4 26 6 5 25
4 25 5 4 24
4 24 4 3 23
4 23 3 2 22
4 22 2 1 20
4 20 1 0 21
20 20 21 39 38 37 36 35 34 33 32 31 30 29 28 27 26
   25 24 23 22
20 0 1 2 3 4 5 6 7 8 9 10 11 12 13 14 15
   16 17 18 19
0
0
-2
8
73.006897 107.999992 41.999233
73.006897 83.999992 41.999233
161.999939 83.999992 41.998993
161.999939 107.999992 41.998993
73.006538 107.999992 -42.000767
73.006538 83.999992 -42.000767
161.999573 83.999992 -42.001007
161.999573 107.999992 -42.001007
0
3
4 2 1 5 6
4 4 7 6 5
4 0 1 2 3
0
0
-2
56
51.768009 122.999992 66.999474
51.768009 107.999992 66.999474
162.769348 107.999992 66.998985
175.333313 122.999992 66.998985
162.769348 107.999992 -66.998817
51.767956 107.999992 -66.999306
51.767956 122.999992 -66.999306
175.333313 122.999992 -66.998817
170.000061 122.999992 79.998985
170.000061 154.999985 79.998985
0.000124 154.999985 94.999710
0.000124 122.999992 94.999710
209.499939 139.999985 40.498749
209.499939 154.999985 40.498749
184.423035 123.000015 65.575897
209.499817 139.999985 -40.498566
209.499817 154.999985 -40.498566
184.422913 123.000015 -65.575714
169.999939 122.999992 -79.998817
169.999939 154.999985 -79.998817
-0.000050 122.999992 -94.999680
-0.000050 154.999985 -94.999680
-16.496632 122.999992 -93.556442
-16.496632 154.999985 -93.556442
-32.491932 122.999992 -89.270554
-32.491932 154.999985 -89.270554
-47.499989 122.999992 -82.272141
-47.499989 154.999985 -82.272141
-61.064747 122.999992 -72.773972
-61.064747 154.999985 -72.773972
-72.774101 122.999992 -61.064617
-72.774101 154.999985 -61.064617
-82.272270 122.999992 -47.499798
-82.272270 154.999985 -47.499798
-89.270622 122.999992 -32.491741
-89.270622 154.999985 -32.491741
-93.556572 122.999992 -16.496502
-93.556572 154.999985 -16.496502
-94.999817 122.999992 0.000079
-94.999817 154.999985 0.000079
-93.556580 122.999992 16.496662
-93.556580 154.999985 16.496662
-89.270630 122.999992 32.491901
-89.270630 154.999985 32.491901
-82.272278 122.999992 47.499958
-82.272278 154.999985 47.499958
-72.774109 122.999992 61.064655
-72.774109 154.999985 61.064655
-61.064754 122.999992 72.774124
-61.064754 154.999985 72.774124
-47.499935 122.999992 82.272171
-47.499935 154.999985 82.272171
-32.491879 122.999992 89.270462
-32.491879 154.999985 89.270462
-16.496639 122.999992 93.556351
-16.496639 154.999985 93.556351
0
28
4 55 54 11 10
4 53 52 54 55
4 51 50 52 53
4 49 48 50 51
4 47 46 48 49
4 45 44 46 47
4 43 42 44 45
4 41 40 42 43
4 39 38 40 41
4 37 36 38 39
4 35 34 36 37
4 33 32 34 35
4 31 30 32 33
4 29 28 30 31
4 27 26 28 29
4 25 24 26 27
4 23 22 24 25
4 21 20 22 23
4 19 18 20 21
4 15 16 13 12
4 8 9 10 11
4 6 7 4 5
4 4 2 1 5
4 0 1 2 3
23 18 17 14 8 11 54 52 50 48 46 44 42 40 38 36 34
   32 30 28 26 24 22 20
23 9 13 16 19 21 23 25 27 29 31 33 35 37 39 41 43
   45 47 49 51 53 55 10
5 15 17 18 19 16
5 12 13 9 8 14
0
0
6
40
-25.233269 160.499969 0.019614
-25.233269 167.504730 0.019614
-25.466728 160.499969 1.493613
-25.466728 167.504730 1.493613
-26.144279 160.499969 2.823324
-26.144279 167.504730 2.823324
-27.199577 160.499969 3.878622
-27.199577 167.504730 3.878622
-28.529289 160.499969 4.556113
-28.529289 167.504730 4.556113
-30.003288 160.499969 4.789633
-30.003288 167.504730 4.789633
-31.477287 160.499969 4.556113
-31.477287 167.504730 4.556113
-32.806999 160.499969 3.878622
-32.806999 167.504730 3.878622
-33.862297 160.499969 2.823324
-33.862297 167.504730 2.823324
-34.539848 160.499969 1.493612
-34.539848 167.504730 1.493612
-34.773308 160.499969 0.019613
-34.773308 167.504730 0.019613
-34.539848 160.499969 -1.454386
-34.539848 167.504730 -1.454386
-33.862297 160.499969 -2.784098
-33.862297 167.504730 -2.784098
-32.806999 160.499969 -3.839396
-32.806999 167.504730 -3.839396
-31.477287 160.499969 -4.516885
-31.477287 167.504730 -4.516885
-30.003288 160.499969 -4.750406
-30.003288 167.504730 -4.750406
-28.529289 160.499969 -4.516885
-28.529289 167.504730 -4.516885
-27.199577 160.499969 -3.839395
-27.199577 167.504730 -3.839395
-26.144279 160.499969 -2.784097
-26.144279 167.504730 -2.784097
-25.466728 160.499969 -1.454385
-25.466728 167.504730 -1.454385
0
21
4 2 0 1 3
4 4 2 3 5
4 6 4 5 7
4 8 6 7 9
4 10 8 9 11
4 12 10 11 13
4 14 12 13 15
4 16 14 15 17
4 18 16 17 19
4 20 18 19 21
4 22 20 21 23
4 24 22 23 25
4 26 24 25 27
4 28 26 27 29
4 30 28 29 31
4 32 30 31 33
4 34 32 33 35
4 36 34 35 37
4 38 36 37 39
4 0 38 39 1
20 1 39 37 35 33 31 29 27 25 23 21 19 17 15 13 11
   9 7 5 3
0
0
6
40
-55.566883 167.504761 -61.546185
-55.566883 160.500000 -61.546185
-56.244434 167.504761 -62.875896
-56.244434 160.500000 -62.875896
-57.299732 167.504761 -63.931194
-57.299732 160.500000 -63.931194
-58.629444 167.504761 -64.608688
-58.629444 160.500000 -64.608688
-60.103443 167.504761 -64.842209
-60.103443 160.500000 -64.842209
-61.577442 167.504761 -64.608688
-61.577442 160.500000 -64.608688
-62.907154 167.504761 -63.931194
-62.907154 160.500000 -63.931194
-63.962452 167.504761 -62.875896
-63.962452 160.500000 -62.875896
-64.640007 167.504761 -61.546185
-64.640007 160.500000 -61.546185
-64.873466 167.504761 -60.072186
-64.873466 160.500000 -60.072186
-64.640007 167.504761 -58.598186
-64.640007 160.500000 -58.598186
-63.962452 167.504761 -57.268475
-63.962452 160.500000 -57.268475
-62.907158 167.504761 -56.213177
-62.907158 160.500000 -56.213177
-61.577446 167.504761 -55.535686
-61.577446 160.500000 -55.535686
-60.103447 167.504761 -55.302166
-60.103447 160.500000 -55.302166
-58.629448 167.504761 -55.535686
-58.629448 160.500000 -55.535686
-57.299736 167.504761 -56.213177
-57.299736 160.500000 -56.213177
-56.244434 167.504761 -57.268475
-56.244434 160.500000 -57.268475
-55.566883 167.504761 -58.598186
-55.566883 160.500000 -58.598186
-55.333424 167.504761 -60.072186
-55.333424 160.500000 -60.072186
0
21
4 37 39 38 36
4 35 37 36 34
4 33 35 34 32
4 31 33 32 30
4 29 31 30 28
4 27 29 28 26
4 25 27 26 24
4 23 25 24 22
4 21 23 22 20
4 19 21 20 18
4 17 19 18 16
4 15 17 16 14
4 13 15 14 12
4 11 13 12 10
4 9 11 10 8
4 7 9 8 6
4 5 7 6 4
4 3 5 4 2
4 1 3 2 0
4 39 1 0 38
20 38 0 2 4 6 8 10 12 14 16 18 20 22 24 26 28
   30 32 34 36
0
0
6
40
-80.230164 160.499939 0.000202
-80.230164 167.504700 0.000202
-80.463623 160.499939 1.474201
-80.463623 167.504700 1.474201
-81.141174 160.499939 2.803913
-81.141174 167.504700 2.803913
-82.196472 160.499939 3.859211
-82.196472 167.504700 3.859211
-83.526184 160.499939 4.536701
-83.526184 167.504700 4.536701
-85.000183 160.499939 4.770222
-85.000183 167.504700 4.770222
-86.474182 160.499939 4.536701
-86.474182 167.504700 4.536701
-87.803894 160.499939 3.859210
-87.803894 167.504700 3.859210
-88.859192 160.499939 2.803913
-88.859192 167.504700 2.803913
-89.536743 160.499939 1.474201
-89.536743 167.504700 1.474201
-89.770203 160.499939 0.000202
-89.770203 167.504700 0.000202
-89.536743 160.499939 -1.473797
-89.536743 167.504700 -1.473797
-88.859192 160.499939 -2.803509
-88.859192 167.504700 -2.803509
-87.803894 160.499939 -3.858807
-87.803894 167.504700 -3.858807
-86.474182 160.499939 -4.536297
-86.474182 167.504700 -4.536297
-85.000183 160.499939 -4.769817
-85.000183 167.504700 -4.769817
-83.526184 160.499939 -4.536297
-83.526184 167.504700 -4.536297
-82.196472 160.499939 -3.858807
-82.196472 167.504700 -3.858807
-81.141174 160.499939 -2.803509
-81.141174 167.504700 -2.803509
-80.463623 160.499939 -1.473797
-80.463623 167.504700 -1.473797
0
21
4 2 0 1 3
4 4 2 3 5
4 6 4 5 7
4 8 6 7 9
4 10 8 9 11
4 12 10 11 13
4 14 12 13 15
4 16 14 15 17
4 18 16 17 19
4 20 18 19 21
4 22 20 21 23
4 24 22 23 25
4 26 24 25 27
4 28 26 27 29
4 30 28 29 31
4 32 30 31 33
4 34 32 33 35
4 36 34 35 37
4 38 36 37 39
4 0 38 39 1
20 1 39 37 35 33 31 29 27 25 23 21 19 17 15 13 11
   9 7 5 3
0
0
6
40
4.754832 160.500046 -84.954147
4.754832 167.504807 -84.954147
4.521372 160.500046 -83.480148
4.521372 167.504807 -83.480148
3.843821 160.500046 -82.150436
3.843821 167.504807 -82.150436
2.788523 160.500046 -81.095139
2.788523 167.504807 -81.095139
1.458811 160.500046 -80.417648
1.458811 167.504807 -80.417648
-0.015188 160.500046 -80.184128
-0.015188 167.504807 -80.184128
-1.489187 160.500046 -80.417648
-1.489187 167.504807 -80.417648
-2.818898 160.500046 -81.095139
-2.818898 167.504807 -81.095139
-3.874196 160.500046 -82.150436
-3.874196 167.504807 -82.150436
-4.551748 160.500046 -83.480148
-4.551748 167.504807 -83.480148
-4.785207 160.500046 -84.954147
-4.785207 167.504807 -84.954147
-4.551747 160.500046 -86.428146
-4.551747 167.504807 -86.428146
-3.874196 160.500046 -87.757858
-3.874196 167.504807 -87.757858
-2.818898 160.500046 -88.813156
-2.818898 167.504807 -88.813156
-1.489186 160.500046 -89.490646
-1.489186 167.504807 -89.490646
-0.015187 160.500046 -89.724167
-0.015187 167.504807 -89.724167
1.458812 160.500046 -89.490646
1.458812 167.504807 -89.490646
2.788524 160.500046 -88.813156
2.788524 167.504807 -88.813156
3.843822 160.500046 -87.757858
3.843822 167.504807 -87.757858
4.521373 160.500046 -86.428146
4.521373 167.504807 -86.428146
0
21
4 2 0 1 3
4 4 2 3 5
4 6 4 5 7
4 8 6 7 9
4 10 8 9 11
4 12 10 11 13
4 14 12 13 15
4 16 14 15 17
4 18 16 17 19
4 20 18 19 21
4 22 20 21 23
4 24 22 23 25
4 26 24 25 27
4 28 26 27 29
4 30 28 29 31
4 32 30 31 33
4 34 32 33 35
4 36 34 35 37
4 38 36 37 39
4 0 38 39 1
20 1 39 37 35 33 31 29 27 25 23 21 19 17 15 13 11
   9 7 5 3
0
0
6
40
-55.333431 160.500015 60.137165
-55.333431 167.504776 60.137165
-55.566891 160.500015 61.611286
-55.566891 167.504776 61.611286
-56.244442 160.500015 62.940876
-56.244442 167.504776 62.940876
-57.299740 160.500015 63.996296
-57.299740 167.504776 63.996296
-58.629452 160.500015 64.673782
-58.629452 167.504776 64.673782
-60.103451 160.500015 64.907181
-60.103451 167.504776 64.907181
-61.577450 160.500015 64.673782
-61.577450 167.504776 64.673782
-62.907162 160.500015 63.996296
-62.907162 167.504776 63.996296
-63.962460 160.500015 62.940876
-63.962460 167.504776 62.940876
-64.640015 160.500015 61.611286
-64.640015 167.504776 61.611286
-64.873474 160.500015 60.137165
-64.873474 167.504776 60.137165
-64.640015 160.500015 58.663044
-64.640015 167.504776 58.663044
-63.962460 160.500015 57.333454
-63.962460 167.504776 57.333454
-62.907162 160.500015 56.278034
-62.907162 167.504776 56.278034
-61.577450 160.500015 55.600544
-61.577450 167.504776 55.600544
-60.103451 160.500015 55.367146
-60.103451 167.504776 55.367146
-58.629452 160.500015 55.600544
-58.629452 167.504776 55.600544
-57.299740 160.500015 56.278034
-57.299740 167.504776 56.278034
-56.244442 160.500015 57.333454
-56.244442 167.504776 57.333454
-55.566891 160.500015 58.663044
-55.566891 167.504776 58.663044
0
21
4 2 0 1 3
4 4 2 3 5
4 6 4 5 7
4 8 6 7 9
4 10 8 9 11
4 12 10 11 13
4 14 12 13 15
4 16 14 15 17
4 18 16 17 19
4 20 18 19 21
4 22 20 21 23
4 24 22 23 25
4 26 24 25 27
4 28 26 27 29
4 30 28 29 31
4 32 30 31 33
4 34 32 33 35
4 36 34 35 37
4 38 36 37 39
4 0 38 39 1
20 1 39 37 35 33 31 29 27 25 23 21 19 17 15 13 11
   9 7 5 3
0
0
6
40
59.755138 160.499985 -80.324013
59.755138 167.504745 -80.324013
59.521679 160.499985 -78.850014
59.521679 167.504745 -78.850014
58.844128 160.499985 -77.520302
58.844128 167.504745 -77.520302
57.788830 160.499985 -76.465004
57.788830 167.504745 -76.465004
56.459118 160.499985 -75.787514
56.459118 167.504745 -75.787514
54.985119 160.499985 -75.553993
54.985119 167.504745 -75.553993
53.511120 160.499985 -75.787514
53.511120 167.504745 -75.787514
52.181408 160.499985 -76.465004
52.181408 167.504745 -76.465004
51.126110 160.499985 -77.520302
51.126110 167.504745 -77.520302
50.448559 160.499985 -78.850014
50.448559 167.504745 -78.850014
50.215099 160.499985 -80.324013
50.215099 167.504745 -80.324013
50.448559 160.499985 -81.798012
50.448559 167.504745 -81.798012
51.126110 160.499985 -83.127724
51.126110 167.504745 -83.127724
52.181408 160.499985 -84.183022
52.181408 167.504745 -84.183022
53.511120 160.499985 -84.860512
53.511120 167.504745 -84.860512
54.985119 160.499985 -85.094032
54.985119 167.504745 -85.094032
56.459118 160.499985 -84.860512
56.459118 167.504745 -84.860512
57.788830 160.499985 -84.183022
57.788830 167.504745 -84.183022
58.844128 160.499985 -83.127724
58.844128 167.504745 -83.127724
59.521679 160.499985 -81.798012
59.521679 167.504745 -81.798012
0
21
4 2 0 1 3
4 4 2 3 5
4 6 4 5 7
4 8 6 7 9
4 10 8 9 11
4 12 10 11 13
4 14 12 13 15
4 16 14 15 17
4 18 16 17 19
4 20 18 19 21
4 22 20 21 23
4 24 22 23 25
4 26 24 25 27
4 28 26 27 29
4 30 28 29 31
4 32 30 31 33
4 34 32 33 35
4 36 34 35 37
4 38 36 37 39
4 0 38 39 1
20 1 39 37 35 33 31 29 27 25 23 21 19 17 15 13 11
   9 7 5 3
0
0
6
40
59.521671 167.504745 78.915001
59.521671 160.499985 78.915001
58.844120 167.504745 77.585411
58.844120 160.499985 77.585411
57.788822 167.504745 76.530235
57.788822 160.499985 76.530235
56.459110 167.504745 75.852501
56.459110 160.499985 75.852501
54.985111 167.504745 75.619102
54.985111 160.499985 75.619102
53.511112 167.504745 75.852501
53.511112 160.499985 75.852501
52.181400 167.504745 76.530235
52.181400 160.499985 76.530235
51.126102 167.504745 77.585411
51.126102 160.499985 77.585411
50.448551 167.504745 78.915001
50.448551 160.499985 78.915001
50.215092 167.504745 80.389122
50.215092 160.499985 80.389122
50.448551 167.504745 81.863243
50.448551 160.499985 81.863243
51.126102 167.504745 83.192833
51.126102 160.499985 83.192833
52.181400 167.504745 84.248009
52.181400 160.499985 84.248009
53.511112 167.504745 84.925743
53.511112 160.499985 84.925743
54.985111 167.504745 85.159142
54.985111 160.499985 85.159142
56.459110 167.504745 84.925743
56.459110 160.499985 84.925743
57.788822 167.504745 84.248009
57.788822 160.499985 84.248009
58.844120 167.504745 83.192833
58.844120 160.499985 83.192833
59.521671 167.504745 81.863243
59.521671 160.499985 81.863243
59.755131 167.504745 80.389122
59.755131 160.499985 80.389122
0
21
4 37 39 38 36
4 35 37 36 34
4 33 35 34 32
4 31 33 32 30
4 29 31 30 28
4 27 29 28 26
4 25 27 26 24
4 23 25 24 22
4 21 23 22 20
4 19 21 20 18
4 17 19 18 16
4 15 17 16 14
4 13 15 14 12
4 11 13 12 10
4 9 11 10 8
4 7 9 8 6
4 5 7 6 4
4 3 5 4 2
4 1 3 2 0
4 39 1 0 38
20 38 0 2 4 6 8 10 12 14 16 18 20 22 24 26 28
   30 32 34 36
0
0
6
40
4.521365 167.504807 83.545120
4.521365 160.500046 83.545120
3.843814 167.504807 82.215530
3.843814 160.500046 82.215530
2.788516 167.504807 81.160110
2.788516 160.500046 81.160110
1.458804 167.504807 80.482620
1.458804 160.500046 80.482620
-0.015195 167.504807 80.249222
-0.015195 160.500046 80.249222
-1.489194 167.504807 80.482620
-1.489194 160.500046 80.482620
-2.818906 167.504807 81.160110
-2.818906 160.500046 81.160110
-3.874203 167.504807 82.215530
-3.874203 160.500046 82.215530
-4.551755 167.504807 83.545120
-4.551755 160.500046 83.545120
-4.785214 167.504807 85.019241
-4.785214 160.500046 85.019241
-4.551755 167.504807 86.493362
-4.551755 160.500046 86.493362
-3.874204 167.504807 87.822952
-3.874204 160.500046 87.822952
-2.818906 167.504807 88.878372
-2.818906 160.500046 88.878372
-1.489194 167.504807 89.555862
-1.489194 160.500046 89.555862
-0.015195 167.504807 89.789261
-0.015195 160.500046 89.789261
1.458804 167.504807 89.555862
1.458804 160.500046 89.555862
2.788516 167.504807 88.878372
2.788516 160.500046 88.878372
3.843814 167.504807 87.822952
3.843814 160.500046 87.822952
4.521365 167.504807 86.493362
4.521365 160.500046 86.493362
4.754825 167.504807 85.019241
4.754825 160.500046 85.019241
0
21
4 37 39 38 36
4 35 37 36 34
4 33 35 34 32
4 31 33 32 30
4 29 31 30 28
4 27 29 28 26
4 25 27 26 24
4 23 25 24 22
4 21 23 22 20
4 19 21 20 18
4 17 19 18 16
4 15 17 16 14
4 13 15 14 12
4 11 13 12 10
4 9 11 10 8
4 7 9 8 6
4 5 7 6 4
4 3 5 4 2
4 1 3 2 0
4 39 1 0 38
20 38 0 2 4 6 8 10 12 14 16 18 20 22 24 26 28
   30 32 34 36
0
0
6
40
170.870178 167.504730 69.837608
170.870178 160.499969 69.837608
170.192688 167.504730 68.508018
170.192688 160.499969 68.508018
169.137390 167.504730 67.452599
169.137390 160.499969 67.452599
167.807678 167.504730 66.775108
167.807678 160.499969 66.775108
166.333679 167.504730 66.541710
166.333679 160.499969 66.541710
164.859680 167.504730 66.775108
164.859680 160.499969 66.775108
163.529968 167.504730 67.452599
163.529968 160.499969 67.452599
162.474670 167.504730 68.508018
162.474670 160.499969 68.508018
161.797180 167.504730 69.837608
161.797180 160.499969 69.837608
161.563660 167.504730 71.311729
161.563660 160.499969 71.311729
161.797180 167.504730 72.785851
161.797180 160.499969 72.785851
162.474670 167.504730 74.115440
162.474670 160.499969 74.115440
163.529968 167.504730 75.170860
163.529968 160.499969 75.170860
164.859680 167.504730 75.848351
164.859680 160.499969 75.848351
166.333679 167.504730 76.081749
166.333679 160.499969 76.081749
167.807678 167.504730 75.848351
167.807678 160.499969 75.848351
169.137390 167.504730 75.170860
169.137390 160.499969 75.170860
170.192688 167.504730 74.115440
170.192688 160.499969 74.115440
170.870178 167.504730 72.785851
170.870178 160.499969 72.785851
171.103699 167.504730 71.311729
171.103699 160.499969 71.311729
0
21
4 37 39 38 36
4 35 37 36 34
4 33 35 34 32
4 31 33 32 30
4 29 31 30 28
4 27 29 28 26
4 25 27 26 24
4 23 25 24 22
4 21 23 22 20
4 19 21 20 18
4 17 19 18 16
4 15 17 16 14
4 13 15 14 12
4 11 13 12 10
4 9 11 10 8
4 7 9 8 6
4 5 7 6 4
4 3 5 4 2
4 1 3 2 0
4 39 1 0 38
20 38 0 2 4 6 8 10 12 14 16 18 20 22 24 26 28
   30 32 34 36
0
0
6
40
114.779114 160.499985 75.420616
114.779114 167.504745 75.420616
114.545593 160.499985 76.894737
114.545593 167.504745 76.894737
113.868103 160.499985 78.224327
113.868103 167.504745 78.224327
112.812805 160.499985 79.279747
112.812805 167.504745 79.279747
111.483093 160.499985 79.957237
111.483093 167.504745 79.957237
110.009094 160.499985 80.190636
110.009094 167.504745 80.190636
108.535095 160.499985 79.957237
108.535095 167.504745 79.957237
107.205383 160.499985 79.279747
107.205383 167.504745 79.279747
106.150085 160.499985 78.224327
106.150085 167.504745 78.224327
105.472595 160.499985 76.894737
105.472595 167.504745 76.894737
105.239075 160.499985 75.420616
105.239075 167.504745 75.420616
105.472595 160.499985 73.946495
105.472595 167.504745 73.946495
106.150085 160.499985 72.616905
106.150085 167.504745 72.616905
107.205383 160.499985 71.561485
107.205383 167.504745 71.561485
108.535095 160.499985 70.883995
108.535095 167.504745 70.883995
110.009094 160.499985 70.650597
110.009094 167.504745 70.650597
111.483093 160.499985 70.883995
111.483093 167.504745 70.883995
112.812805 160.499985 71.561485
112.812805 167.504745 71.561485
113.868103 160.499985 72.616905
113.868103 167.504745 72.616905
114.545593 160.499985 73.946495
114.545593 167.504745 73.946495
0
21
4 2 0 1 3
4 4 2 3 5
4 6 4 5 7
4 8 6 7 9
4 10 8 9 11
4 12 10 11 13
4 14 12 13 15
4 16 14 15 17
4 18 16 17 19
4 20 18 19 21
4 22 20 21 23
4 24 22 23 25
4 26 24 25 27
4 28 26 27 29
4 30 28 29 31
4 32 30 31 33
4 34 32 33 35
4 36 34 35 37
4 38 36 37 39
4 0 38 39 1
20 1 39 37 35 33 31 29 27 25 23 21 19 17 15 13 11
   9 7 5 3
0
0
6
40
114.779121 160.499985 -75.355507
114.779121 167.504745 -75.355507
114.545601 160.499985 -73.881508
114.545601 167.504745 -73.881508
113.868111 160.499985 -72.551796
113.868111 167.504745 -72.551796
112.812813 160.499985 -71.496498
112.812813 167.504745 -71.496498
111.483101 160.499985 -70.819008
111.483101 167.504745 -70.819008
110.009102 160.499985 -70.585487
110.009102 167.504745 -70.585487
108.535103 160.499985 -70.819008
108.535103 167.504745 -70.819008
107.205391 160.499985 -71.496498
107.205391 167.504745 -71.496498
106.150093 160.499985 -72.551796
106.150093 167.504745 -72.551796
105.472603 160.499985 -73.881508
105.472603 167.504745 -73.881508
105.239082 160.499985 -75.355507
105.239082 167.504745 -75.355507
105.472603 160.499985 -76.829506
105.472603 167.504745 -76.829506
106.150093 160.499985 -78.159218
106.150093 167.504745 -78.159218
107.205391 160.499985 -79.214516
107.205391 167.504745 -79.214516
108.535103 160.499985 -79.892006
108.535103 167.504745 -79.892006
110.009102 160.499985 -80.125526
110.009102 167.504745 -80.125526
111.483101 160.499985 -79.892006
111.483101 167.504745 -79.892006
112.812813 160.499985 -79.214516
112.812813 167.504745 -79.214516
113.868111 160.499985 -78.159218
113.868111 167.504745 -78.159218
114.545601 160.499985 -76.829506
114.545601 167.504745 -76.829506
0
21
4 2 0 1 3
4 4 2 3 5
4 6 4 5 7
4 8 6 7 9
4 10 8 9 11
4 12 10 11 13
4 14 12 13 15
4 16 14 15 17
4 18 16 17 19
4 20 18 19 21
4 22 20 21 23
4 24 22 23 25
4 26 24 25 27
4 28 26 27 29
4 30 28 29 31
4 32 30 31 33
4 34 32 33 35
4 36 34 35 37
4 38 36 37 39
4 0 38 39 1
20 1 39 37 35 33 31 29 27 25 23 21 19 17 15 13 11
   9 7 5 3
0
0
6
40
170.870178 167.504730 -72.720497
170.870178 160.499969 -72.720497
170.192688 167.504730 -74.050209
170.192688 160.499969 -74.050209
169.137390 167.504730 -75.105507
169.137390 160.499969 -75.105507
167.807678 167.504730 -75.782997
167.807678 160.499969 -75.782997
166.333679 167.504730 -76.016518
166.333679 160.499969 -76.016518
164.859680 167.504730 -75.782997
164.859680 160.499969 -75.782997
163.529968 167.504730 -75.105507
163.529968 160.499969 -75.105507
162.474670 167.504730 -74.050209
162.474670 160.499969 -74.050209
161.797180 167.504730 -72.720497
161.797180 160.499969 -72.720497
161.563660 167.504730 -71.246498
161.563660 160.499969 -71.246498
161.797180 167.504730 -69.772499
161.797180 160.499969 -69.772499
162.474670 167.504730 -68.442787
162.474670 160.499969 -68.442787
163.529968 167.504730 -67.387489
163.529968 160.499969 -67.387489
164.859680 167.504730 -66.709999
164.859680 160.499969 -66.709999
166.333679 167.504730 -66.476479
166.333679 160.499969 -66.476479
167.807678 167.504730 -66.709999
167.807678 160.499969 -66.709999
169.137390 167.504730 -67.387489
169.137390 160.499969 -67.387489
170.192688 167.504730 -68.442787
170.192688 160.499969 -68.442787
170.870178 167.504730 -69.772499
170.870178 160.499969 -69.772499
171.103699 167.504730 -71.246498
171.103699 160.499969 -71.246498
0
21
4 37 39 38 36
4 35 37 36 34
4 33 35 34 32
4 31 33 32 30
4 29 31 30 28
4 27 29 28 26
4 25 27 26 24
4 23 25 24 22
4 21 23 22 20
4 19 21 20 18
4 17 19 18 16
4 15 17 16 14
4 13 15 14 12
4 11 13 12 10
4 9 11 10 8
4 7 9 8 6
4 5 7 6 4
4 3 5 4 2
4 1 3 2 0
4 39 1 0 38
20 38 0 2 4 6 8 10 12 14 16 18 20 22 24 26 28
   30 32 34 36
0
0
6
40
206.068542 160.499969 36.345673
206.068542 167.504730 36.345673
205.835022 160.499969 37.819794
205.835022 167.504730 37.819794
205.157532 160.499969 39.149384
205.157532 167.504730 39.149384
204.102234 160.499969 40.204803
204.102234 167.504730 40.204803
202.772522 160.499969 40.882294
202.772522 167.504730 40.882294
201.298523 160.499969 41.115692
201.298523 167.504730 41.115692
199.824524 160.499969 40.882294
199.824524 167.504730 40.882294
198.494812 160.499969 40.204803
198.494812 167.504730 40.204803
197.439514 160.499969 39.149384
197.439514 167.504730 39.149384
196.762024 160.499969 37.819794
196.762024 167.504730 37.819794
196.528503 160.499969 36.345673
196.528503 167.504730 36.345673
196.762024 160.499969 34.871552
196.762024 167.504730 34.871552
197.439514 160.499969 33.541962
197.439514 167.504730 33.541962
198.494812 160.499969 32.486542
198.494812 167.504730 32.486542
199.824524 160.499969 31.809052
199.824524 167.504730 31.809052
201.298523 160.499969 31.575653
201.298523 167.504730 31.575653
202.772522 160.499969 31.809053
202.772522 167.504730 31.809053
204.102234 160.499969 32.486542
204.102234 167.504730 32.486542
205.157532 160.499969 33.541962
205.157532 167.504730 33.541962
205.835022 160.499969 34.871552
205.835022 167.504730 34.871552
0
21
4 2 0 1 3
4 4 2 3 5
4 6 4 5 7
4 8 6 7 9
4 10 8 9 11
4 12 10 11 13
4 14 12 13 15
4 16 14 15 17
4 18 16 17 19
4 20 18 19 21
4 22 20 21 23
4 24 22 23 25
4 26 24 25 27
4 28 26 27 29
4 30 28 29 31
4 32 30 31 33
4 34 32 33 35
4 36 34 35 37
4 38 36 37 39
4 0 38 39 1
20 1 39 37 35 33 31 29 27 25 23 21 19 17 15 13 11
   9 7 5 3
0
0
6
40
205.834900 167.504730 -37.754547
205.834900 160.499969 -37.754547
205.157410 167.504730 -39.084259
205.157410 160.499969 -39.084259
204.102112 167.504730 -40.139557
204.102112 160.499969 -40.139557
202.772400 167.504730 -40.817047
202.772400 160.499969 -40.817047
201.298401 167.504730 -41.050568
201.298401 160.499969 -41.050568
199.824402 167.504730 -40.817047
199.824402 160.499969 -40.817047
198.494690 167.504730 -40.139557
198.494690 160.499969 -40.139557
197.439392 167.504730 -39.084259
197.439392 160.499969 -39.084259
196.761902 167.504730 -37.754547
196.761902 160.499969 -37.754547
196.528381 167.504730 -36.280548
196.528381 160.499969 -36.280548
196.761902 167.504730 -34.806549
196.761902 160.499969 -34.806549
197.439392 167.504730 -33.476837
197.439392 160.499969 -33.476837
198.494690 167.504730 -32.421539
198.494690 160.499969 -32.421539
199.824402 167.504730 -31.744049
199.824402 160.499969 -31.744049
201.298401 167.504730 -31.510529
201.298401 160.499969 -31.510529
202.772400 167.504730 -31.744047
202.772400 160.499969 -31.744047
204.102112 167.504730 -32.421539
204.102112 160.499969 -32.421539
205.157410 167.504730 -33.476837
205.157410 160.499969 -33.476837
205.834900 167.504730 -34.806549
205.834900 160.499969 -34.806549
206.068420 167.504730 -36.280548
206.068420 160.499969 -36.280548
0
21
4 37 39 38 36
4 35 37 36 34
4 33 35 34 32
4 31 33 32 30
4 29 31 30 28
4 27 29 28 26
4 25 27 26 24
4 23 25 24 22
4 21 23 22 20
4 19 21 20 18
4 17 19 18 16
4 15 17 16 14
4 13 15 14 12
4 11 13 12 10
4 9 11 10 8
4 7 9 8 6
4 5 7 6 4
4 3 5 4 2
4 1 3 2 0
4 39 1 0 38
20 38 0 2 4 6 8 10 12 14 16 18 20 22 24 26 28
   30 32 34 36
0
0
-2
62
-93.233765 159.999985 -11.980023
-93.233765 154.999985 -11.980023
-94.000244 154.999985 -0.000043
-94.000244 159.999985 -0.000043
-90.946709 159.999985 -23.764690
-90.946709 154.999985 -23.764690
-87.176384 159.999985 -35.161663
-87.176384 154.999985 -35.161663
-81.984306 159.999985 -45.985271
