12
0
0
0
32
6
*
72
-97.859940 -91.508057 64.501129
-96.471619 -91.508057 64.378418
-95.124695 -91.508057 64.017998
-93.860680 -91.508057 63.428043
-92.718597 -91.508057 62.628838
-91.732582 -91.508057 61.642334
-90.931732 -91.508057 60.501125
-90.343048 -91.508057 59.236584
-89.982445 -91.508057 57.889481
-89.861084 -91.508057 56.500076
-89.982101 -91.508057 55.110783
-90.342880 -91.508057 53.765194
-90.932465 -91.508057 52.499859
-91.732529 -91.508057 51.358253
-92.717453 -91.508057 50.373013
-93.861084 -91.508057 49.571873
-95.124046 -91.508057 48.983967
-96.471954 -91.508057 48.621010
-97.860443 -91.508057 48.500248
-99.249184 -91.508057 48.623199
-100.597504 -91.508057 48.982174
-101.860680 -91.508057 49.571636
-103.003601 -91.508057 50.371334
-103.988220 -91.508057 51.359283
-104.788651 -91.508057 52.500248
-105.378738 -91.508057 53.763340
-105.738777 -91.508057 55.112381
-105.861122 -91.508057 56.500095
-105.738281 -91.508057 57.890591
-105.378349 -91.508057 59.236668
-104.788872 -91.508057 60.499855
-103.988701 -91.508057 61.643612
-103.002930 -91.508057 62.628361
-101.861122 -91.508057 63.428299
-100.597176 -91.508057 64.017899
-99.249832 -91.508057 64.378922
-99.249832 -80.008057 64.378922
-100.597176 -80.008057 64.017899
-101.861122 -80.008057 63.428299
-103.002930 -80.008057 62.628361
-103.988701 -80.008057 61.643612
-104.788872 -80.008057 60.499855
-105.378349 -80.008057 59.236668
-105.738281 -80.008057 57.890591
-105.861122 -80.008057 56.500095
-105.738777 -80.008057 55.112381
-105.378738 -80.008057 53.763340
-104.788651 -80.008057 52.500248
-103.988220 -80.008057 51.359283
-103.003601 -80.008057 50.371334
-101.860680 -80.008057 49.571636
-100.597504 -80.008057 48.982174
-99.249184 -80.008057 48.623199
-97.860443 -80.008057 48.500248
-96.471954 -80.008057 48.621010
-95.124046 -80.008057 48.983967
-93.861084 -80.008057 49.571873
-92.717453 -80.008057 50.373013
-91.732529 -80.008057 51.358253
-90.932465 -80.008057 52.499859
-90.342880 -80.008057 53.765194
-89.982101 -80.008057 55.110783
-89.861084 -80.008057 56.500076
-89.982445 -80.008057 57.889481
-90.343048 -80.008057 59.236584
-90.931732 -80.008057 60.501125
-91.732582 -80.008057 61.642334
-92.718597 -80.008057 62.628838
-93.860680 -80.008057 63.428043
-95.124695 -80.008057 64.017998
-96.471619 -80.008057 64.378418
-97.859940 -80.008057 64.501129
0
108
71 0
70 1
69 2
68 3
67 4
66 5
65 6
64 7
63 8
62 9
61 10
60 11
59 12
58 13
57 14
56 15
55 16
54 17
53 18
52 19
51 20
50 21
49 22
48 23
47 24
46 25
45 26
44 27
43 28
42 29
41 30
40 31
39 32
38 33
37 34
35 36
37 36
38 37
39 38
40 39
41 40
42 41
43 42
44 43
45 44
46 45
47 46
48 47
49 48
50 49
51 50
52 51
53 52
54 53
55 54
56 55
57 56
58 57
59 58
60 59
61 60
62 61
63 62
64 63
65 64
66 65
67 66
68 67
69 68
70 69
71 70
36 71
0 35
1 0
2 1
3 2
4 3
5 4
6 5
7 6
8 7
9 8
10 9
11 10
12 11
13 12
14 13
15 14
16 15
17 16
18 17
19 18
20 19
21 20
22 21
23 22
24 23
25 24
26 25
27 26
28 27
29 28
30 29
31 30
32 31
33 32
34 33
35 34
38
4 -73 -1 -72 -36
4 -74 -2 -71 1
4 -75 -3 -70 2
4 -76 -4 -69 3
4 -77 -5 -68 4
4 -78 -6 -67 5
4 -79 -7 -66 6
4 -80 -8 -65 7
4 -81 -9 -64 8
4 -82 -10 -63 9
4 -83 -11 -62 10
4 -84 -12 -61 11
4 -85 -13 -60 12
4 -86 -14 -59 13
4 -87 -15 -58 14
4 -88 -16 -57 15
4 -89 -17 -56 16
4 -90 -18 -55 17
4 -91 -19 -54 18
4 -92 -20 -53 19
4 -93 -21 -52 20
4 -94 -22 -51 21
4 -95 -23 -50 22
4 -96 -24 -49 23
4 -97 -25 -48 24
4 -98 -26 -47 25
4 -99 -27 -46 26
4 -100 -28 -45 27
4 -101 -29 -44 28
4 -102 -30 -43 29
4 -103 -31 -42 30
4 -104 -32 -41 31
4 -105 -33 -40 32
4 -106 -34 -39 33
4 -107 -35 -38 34
4 -108 36 -37 35
36 72 71 70 69 68 67 66 65 64 63 62 61 60 59 58 57
   56 55 54 53 52 51 50 49 48 47 46 45 44 43 42 41
   40 39 38 37
36 108 107 106 105 104 103 102 101 100 99 98 97 96 95 94 93
   92 91 90 89 88 87 86 85 84 83 82 81 80 79 78 77
   76 75 74 73
0
0
6
*
72
104.789589 -91.508057 -52.498619
103.989159 -91.508057 -51.357655
103.003563 -91.508057 -50.371395
101.860641 -91.508057 -49.571701
100.597473 -91.508057 -48.982235
99.250122 -91.508057 -48.621571
97.861382 -91.508057 -48.498619
96.471916 -91.508057 -48.621071
95.124992 -91.508057 -48.982334
93.861046 -91.508057 -49.571934
92.718391 -91.508057 -50.371384
91.733467 -91.508057 -51.356621
90.932449 -91.508057 -52.499889
90.343819 -91.508057 -53.763565
89.983040 -91.508057 -55.109154
89.861046 -91.508057 -56.500137
89.983391 -91.508057 -57.887852
90.343010 -91.508057 -59.236649
90.932671 -91.508057 -60.499496
91.733521 -91.508057 -61.640705
92.718567 -91.508057 -62.628902
93.860641 -91.508057 -63.428108
95.124657 -91.508057 -64.018059
96.472557 -91.508057 -64.376793
97.860878 -91.508057 -64.499496
99.249794 -91.508057 -64.378983
100.598122 -91.508057 -64.016266
101.861084 -91.508057 -63.428360
103.003868 -91.508057 -62.626732
103.989639 -91.508057 -61.641983
104.788857 -91.508057 -60.499889
105.379288 -91.508057 -59.235039
105.739220 -91.508057 -57.888962
105.861084 -91.508057 -56.500156
105.739723 -91.508057 -55.110752
105.378700 -91.508057 -53.763405
105.378700 -80.008057 -53.763405
105.739723 -80.008057 -55.110752
105.861084 -80.008057 -56.500156
105.739220 -80.008057 -57.888962
105.379288 -80.008057 -59.235039
104.788857 -80.008057 -60.499889
103.989639 -80.008057 -61.641983
103.003868 -80.008057 -62.626732
101.861084 -80.008057 -63.428360
100.598122 -80.008057 -64.016266
99.249794 -80.008057 -64.378983
97.860878 -80.008057 -64.499496
96.472557 -80.008057 -64.376793
95.124657 -80.008057 -64.018059
93.860641 -80.008057 -63.428108
92.718567 -80.008057 -62.628902
91.733521 -80.008057 -61.640705
90.932671 -80.008057 -60.499496
90.343010 -80.008057 -59.236649
89.983391 -80.008057 -57.887852
89.861046 -80.008057 -56.500137
89.983040 -80.008057 -55.109154
90.343819 -80.008057 -53.763565
90.932449 -80.008057 -52.499889
91.733467 -80.008057 -51.356621
92.718391 -80.008057 -50.371384
93.861046 -80.008057 -49.571934
95.124992 -80.008057 -48.982334
96.471916 -80.008057 -48.621071
97.861382 -80.008057 -48.498619
99.250122 -80.008057 -48.621571
100.597473 -80.008057 -48.982235
101.860641 -80.008057 -49.571701
103.003563 -80.008057 -50.371395
103.989159 -80.008057 -51.357655
104.789589 -80.008057 -52.498619
0
108
0 71
1 70
2 69
3 68
4 67
5 66
6 65
7 64
8 63
9 62
10 61
11 60
12 59
13 58
14 57
15 56
16 55
17 54
18 53
19 52
20 51
21 50
22 49
23 48
24 47
25 46
26 45
27 44
28 43
29 42
30 41
31 40
32 39
33 38
34 37
36 35
36 37
37 38
38 39
39 40
40 41
41 42
42 43
43 44
44 45
45 46
46 47
47 48
48 49
49 50
50 51
51 52
52 53
53 54
54 55
55 56
56 57
57 58
58 59
59 60
60 61
61 62
62 63
63 64
64 65
65 66
66 67
67 68
68 69
69 70
70 71
71 36
35 0
0 1
1 2
2 3
3 4
4 5
5 6
6 7
7 8
8 9
9 10
10 11
11 12
12 13
13 14
14 15
15 16
16 17
17 18
18 19
19 20
20 21
21 22
22 23
23 24
24 25
25 26
26 27
27 28
28 29
29 30
30 31
31 32
32 33
33 34
34 35
38
4 -36 -72 -1 -73
4 1 -71 -2 -74
4 2 -70 -3 -75
4 3 -69 -4 -76
4 4 -68 -5 -77
4 5 -67 -6 -78
4 6 -66 -7 -79
4 7 -65 -8 -80
4 8 -64 -9 -81
4 9 -63 -10 -82
4 10 -62 -11 -83
4 11 -61 -12 -84
4 12 -60 -13 -85
4 13 -59 -14 -86
4 14 -58 -15 -87
4 15 -57 -16 -88
4 16 -56 -17 -89
4 17 -55 -18 -90
4 18 -54 -19 -91
4 19 -53 -20 -92
4 20 -52 -21 -93
4 21 -51 -22 -94
4 22 -50 -23 -95
4 23 -49 -24 -96
4 24 -48 -25 -97
4 25 -47 -26 -98
4 26 -46 -27 -99
4 27 -45 -28 -100
4 28 -44 -29 -101
4 29 -43 -30 -102
4 30 -42 -31 -103
4 31 -41 -32 -104
4 32 -40 -33 -105
4 33 -39 -34 -106
4 34 -38 -35 -107
4 35 -37 36 -108
36 37 38 39 40 41 42 43 44 45 46 47 48 49 50 51 52
   53 54 55 56 57 58 59 60 61 62 63 64 65 66 67 68
   69 70 71 72
36 73 74 75 76 77 78 79 80 81 82 83 84 85 86 87 88
   89 90 91 92 93 94 95 96 97 98 99 100 101 102 103 104
   105 106 107 108
0
0
6
*
72
-52.498619 -91.508057 104.789581
-51.357662 -91.508057 103.989151
-50.371403 -91.508057 103.003555
-49.571701 -91.508057 101.860634
-48.982239 -91.508057 100.597466
-48.621574 -91.508057 99.250122
-48.498623 -91.508057 97.861382
-48.621075 -91.508057 96.471909
-48.982342 -91.508057 95.124985
-49.571941 -91.508057 93.861046
-50.371391 -91.508057 92.718391
-51.356625 -91.508057 91.733459
-52.499893 -91.508057 90.932442
-53.763565 -91.508057 90.343811
-55.109161 -91.508057 89.983040
-56.500145 -91.508057 89.861046
-57.887856 -91.508057 89.983383
-59.236649 -91.508057 90.343002
-60.499504 -91.508057 90.932671
-61.640713 -91.508057 91.733521
-62.628906 -91.508057 92.718559
-63.428108 -91.508057 93.860634
-64.018066 -91.508057 95.124657
-64.376801 -91.508057 96.472557
-64.499504 -91.508057 97.860870
-64.378983 -91.508057 99.249786
-64.016273 -91.508057 100.598114
-63.428364 -91.508057 101.861076
-62.626732 -91.508057 103.003860
-61.641983 -91.508057 103.989632
-60.499893 -91.508057 104.788849
-59.235043 -91.508057 105.379280
-57.888966 -91.508057 105.739212
-56.500160 -91.508057 105.861076
-55.110760 -91.508057 105.739716
-53.763409 -91.508057 105.378693
-53.763409 -80.008057 105.378693
-55.110760 -80.008057 105.739716
-56.500160 -80.008057 105.861076
-57.888966 -80.008057 105.739212
-59.235043 -80.008057 105.379280
-60.499893 -80.008057 104.788849
-61.641983 -80.008057 103.989632
-62.626732 -80.008057 103.003860
-63.428364 -80.008057 101.861076
-64.016273 -80.008057 100.598114
-64.378983 -80.008057 99.249786
-64.499504 -80.008057 97.860870
-64.376801 -80.008057 96.472557
-64.018066 -80.008057 95.124657
-63.428108 -80.008057 93.860634
-62.628906 -80.008057 92.718559
-61.640713 -80.008057 91.733521
-60.499504 -80.008057 90.932671
-59.236649 -80.008057 90.343002
-57.887856 -80.008057 89.983383
-56.500145 -80.008057 89.861046
-55.109161 -80.008057 89.983040
-53.763565 -80.008057 90.343811
-52.499893 -80.008057 90.932442
-51.356625 -80.008057 91.733459
-50.371391 -80.008057 92.718391
-49.571941 -80.008057 93.861046
-48.982342 -80.008057 95.124985
-48.621075 -80.008057 96.471909
-48.498623 -80.008057 97.861382
-48.621574 -80.008057 99.250122
-48.982239 -80.008057 100.597466
-49.571701 -80.008057 101.860634
-50.371403 -80.008057 103.003555
-51.357662 -80.008057 103.989151
-52.498619 -80.008057 104.789581
0
108
71 0
70 1
69 2
68 3
67 4
66 5
65 6
64 7
63 8
62 9
61 10
60 11
59 12
58 13
57 14
56 15
55 16
54 17
53 18
52 19
51 20
50 21
49 22
48 23
47 24
46 25
45 26
44 27
43 28
42 29
41 30
40 31
39 32
38 33
37 34
35 36
37 36
38 37
39 38
40 39
41 40
42 41
43 42
44 43
45 44
46 45
47 46
48 47
49 48
50 49
51 50
52 51
53 52
54 53
55 54
56 55
57 56
58 57
59 58
60 59
61 60
62 61
63 62
64 63
65 64
66 65
67 66
68 67
69 68
70 69
71 70
36 71
0 35
1 0
2 1
3 2
4 3
5 4
6 5
7 6
8 7
9 8
10 9
11 10
12 11
13 12
14 13
15 14
16 15
17 16
18 17
19 18
20 19
21 20
22 21
23 22
24 23
25 24
26 25
27 26
28 27
29 28
30 29
31 30
32 31
33 32
34 33
35 34
38
4 -73 -1 -72 -36
4 -74 -2 -71 1
4 -75 -3 -70 2
4 -76 -4 -69 3
4 -77 -5 -68 4
4 -78 -6 -67 5
4 -79 -7 -66 6
4 -80 -8 -65 7
4 -81 -9 -64 8
4 -82 -10 -63 9
4 -83 -11 -62 10
4 -84 -12 -61 11
4 -85 -13 -60 12
4 -86 -14 -59 13
4 -87 -15 -58 14
4 -88 -16 -57 15
4 -89 -17 -56 16
4 -90 -18 -55 17
4 -91 -19 -54 18
4 -92 -20 -53 19
4 -93 -21 -52 20
4 -94 -22 -51 21
4 -95 -23 -50 22
4 -96 -24 -49 23
4 -97 -25 -48 24
4 -98 -26 -47 25
4 -99 -27 -46 26
4 -100 -28 -45 27
4 -101 -29 -44 28
4 -102 -30 -43 29
4 -103 -31 -42 30
4 -104 -32 -41 31
4 -105 -33 -40 32
4 -106 -34 -39 33
4 -107 -35 -38 34
4 -108 36 -37 35
36 72 71 70 69 68 67 66 65 64 63 62 61 60 59 58 57
   56 55 54 53 52 51 50 49 48 47 46 45 44 43 42 41
   40 39 38 37
36 108 107 106 105 104 103 102 101 100 99 98 97 96 95 94 93
   92 91 90 89 88 87 86 85 84 83 82 81 80 79 78 77
   76 75 74 73
0
0
6
*
72
64.501129 -91.508057 -97.859924
64.378426 -91.508057 -96.471611
64.017998 -91.508057 -95.124695
63.428051 -91.508057 -93.860672
62.628841 -91.508057 -92.718597
61.642342 -91.508057 -91.732574
60.501133 -91.508057 -90.931725
59.236588 -91.508057 -90.343033
57.889484 -91.508057 -89.982437
56.500080 -91.508057 -89.861076
55.110786 -91.508057 -89.982094
53.765198 -91.508057 -90.342873
52.499859 -91.508057 -90.932457
51.358257 -91.508057 -91.732521
50.373020 -91.508057 -92.717445
49.571877 -91.508057 -93.861076
48.983967 -91.508057 -95.124039
48.621017 -91.508057 -96.471947
48.500252 -91.508057 -97.860435
48.623203 -91.508057 -99.249176
48.982174 -91.508057 -100.597496
49.571644 -91.508057 -101.860672
50.371334 -91.508057 -103.003601
51.359287 -91.508057 -103.988213
52.500252 -91.508057 -104.788635
53.763344 -91.508057 -105.378723
55.112385 -91.508057 -105.738777
56.500095 -91.508057 -105.861115
57.890598 -91.508057 -105.738274
59.236675 -91.508057 -105.378342
60.499859 -91.508057 -104.788864
61.643616 -91.508057 -103.988693
62.628365 -91.508057 -103.002922
63.428299 -91.508057 -101.861115
64.017899 -91.508057 -100.597168
64.378922 -91.508057 -99.249817
64.378922 -80.008057 -99.249817
64.017899 -80.008057 -100.597168
63.428299 -80.008057 -101.861115
62.628365 -80.008057 -103.002922
61.643616 -80.008057 -103.988693
60.499859 -80.008057 -104.788864
59.236675 -80.008057 -105.378342
57.890598 -80.008057 -105.738274
56.500095 -80.008057 -105.861115
55.112385 -80.008057 -105.738777
53.763344 -80.008057 -105.378723
52.500252 -80.008057 -104.788635
51.359287 -80.008057 -103.988213
50.371334 -80.008057 -103.003601
49.571644 -80.008057 -101.860672
48.982174 -80.008057 -100.597496
48.623203 -80.008057 -99.249176
48.500252 -80.008057 -97.860435
48.621017 -80.008057 -96.471947
48.983967 -80.008057 -95.124039
49.571877 -80.008057 -93.861076
50.373020 -80.008057 -92.717445
51.358257 -80.008057 -91.732521
52.499859 -80.008057 -90.932457
53.765198 -80.008057 -90.342873
55.110786 -80.008057 -89.982094
56.500080 -80.008057 -89.861076
57.889484 -80.008057 -89.982437
59.236588 -80.008057 -90.343033
60.501133 -80.008057 -90.931725
61.642342 -80.008057 -91.732574
62.628841 -80.008057 -92.718597
63.428051 -80.008057 -93.860672
64.017998 -80.008057 -95.124695
64.378426 -80.008057 -96.471611
64.501129 -80.008057 -97.859924
0
108
0 71
1 70
2 69
3 68
4 67
5 66
6 65
7 64
8 63
9 62
10 61
11 60
12 59
13 58
14 57
15 56
16 55
17 54
18 53
19 52
20 51
21 50
22 49
23 48
24 47
25 46
26 45
27 44
28 43
29 42
30 41
31 40
32 39
33 38
34 37
36 35
36 37
37 38
38 39
39 40
40 41
41 42
42 43
43 44
44 45
45 46
46 47
47 48
48 49
49 50
50 51
51 52
52 53
53 54
54 55
55 56
56 57
57 58
58 59
59 60
60 61
61 62
62 63
63 64
64 65
65 66
66 67
67 68
68 69
69 70
70 71
71 36
35 0
0 1
1 2
2 3
3 4
4 5
5 6
6 7
7 8
8 9
9 10
10 11
11 12
12 13
13 14
14 15
15 16
16 17
17 18
18 19
19 20
20 21
21 22
22 23
23 24
24 25
25 26
26 27
27 28
28 29
29 30
30 31
31 32
32 33
33 34
34 35
38
4 -36 -72 -1 -73
4 1 -71 -2 -74
4 2 -70 -3 -75
4 3 -69 -4 -76
4 4 -68 -5 -77
4 5 -67 -6 -78
4 6 -66 -7 -79
4 7 -65 -8 -80
4 8 -64 -9 -81
4 9 -63 -10 -82
4 10 -62 -11 -83
4 11 -61 -12 -84
4 12 -60 -13 -85
4 13 -59 -14 -86
4 14 -58 -15 -87
4 15 -57 -16 -88
4 16 -56 -17 -89
4 17 -55 -18 -90
4 18 -54 -19 -91
4 19 -53 -20 -92
4 20 -52 -21 -93
4 21 -51 -22 -94
4 22 -50 -23 -95
4 23 -49 -24 -96
4 24 -48 -25 -97
4 25 -47 -26 -98
4 26 -46 -27 -99
4 27 -45 -28 -100
4 28 -44 -29 -101
4 29 -43 -30 -102
4 30 -42 -31 -103
4 31 -41 -32 -104
4 32 -40 -33 -105
4 33 -39 -34 -106
4 34 -38 -35 -107
4 35 -37 36 -108
36 37 38 39 40 41 42 43 44 45 46 47 48 49 50 51 52
   53 54 55 56 57 58 59 60 61 62 63 64 65 66 67 68
   69 70 71 72
36 73 74 75 76 77 78 79 80 81 82 83 84 85 86 87 88
   89 90 91 92 93 94 95 96 97 98 99 100 101 102 103 104
   105 106 107 108
0
0
6
*
72
6.929649 -80.008057 -116.999748
7.517542 -80.008057 -115.736084
7.878870 -80.008057 -114.389404
7.999967 -80.008057 -112.999748
7.878871 -80.008057 -111.611084
7.517542 -80.008057 -110.263916
6.929651 -80.008057 -108.999756
6.128872 -80.008057 -107.857666
5.142541 -80.008057 -106.871826
3.999962 -80.008057 -106.072021
2.736290 -80.008057 -105.482178
1.390590 -80.008057 -105.121819
-0.000018 -80.008057 -104.999756
-1.388706 -80.008057 -105.121819
-2.734412 -80.008057 -105.482178
-4.000038 -80.008057 -106.072021
-5.140661 -80.008057 -106.871826
-6.128941 -80.008057 -107.857658
-6.927772 -80.008057 -108.999756
-7.515663 -80.008057 -110.263916
-7.878942 -80.008057 -111.611084
-8.000034 -80.008057 -112.999748
-7.878943 -80.008057 -114.389404
-7.515664 -80.008057 -115.736084
-6.927771 -80.008057 -116.999748
-6.128942 -80.008057 -118.142326
-5.140661 -80.008057 -119.128662
-4.000037 -80.008057 -119.928459
-2.734409 -80.008057 -120.517326
-1.388706 -80.008057 -120.878654
-0.000019 -80.008057 -120.999756
1.390590 -80.008057 -120.878654
2.736293 -80.008057 -120.517326
3.999963 -80.008057 -119.928459
5.142544 -80.008057 -119.128662
6.128868 -80.008057 -118.142326
6.128868 -91.508057 -118.142326
5.142544 -91.508057 -119.128662
3.999963 -91.508057 -119.928459
2.736293 -91.508057 -120.517326
1.390590 -91.508057 -120.878654
-0.000019 -91.508057 -120.999756
-1.388706 -91.508057 -120.878654
-2.734409 -91.508057 -120.517326
-4.000037 -91.508057 -119.928459
-5.140661 -91.508057 -119.128662
-6.128942 -91.508057 -118.142326
-6.927771 -91.508057 -116.999748
-7.515664 -91.508057 -115.736084
-7.878943 -91.508057 -114.389404
-8.000034 -91.508057 -112.999748
-7.878942 -91.508057 -111.611084
-7.515663 -91.508057 -110.263916
-6.927772 -91.508057 -108.999756
-6.128941 -91.508057 -107.857658
-5.140661 -91.508057 -106.871826
-4.000038 -91.508057 -106.072021
-2.734412 -91.508057 -105.482178
-1.388706 -91.508057 -105.121819
-0.000018 -91.508057 -104.999756
1.390590 -91.508057 -105.121819
2.736290 -91.508057 -105.482178
3.999962 -91.508057 -106.072021
5.142541 -91.508057 -106.871826
6.128872 -91.508057 -107.857666
6.929651 -91.508057 -108.999756
7.517542 -91.508057 -110.263916
7.878871 -91.508057 -111.611084
7.999967 -91.508057 -112.999748
7.878870 -91.508057 -114.389404
7.517542 -91.508057 -115.736084
6.929649 -91.508057 -116.999748
0
108
37 36
38 37
39 38
40 39
41 40
42 41
43 42
44 43
45 44
46 45
47 46
48 47
49 48
50 49
51 50
52 51
53 52
54 53
55 54
56 55
57 56
58 57
59 58
60 59
61 60
62 61
63 62
64 63
65 64
66 65
67 66
68 67
69 68
70 69
71 70
36 71
0 35
1 0
2 1
3 2
4 3
5 4
6 5
7 6
8 7
9 8
10 9
11 10
12 11
13 12
14 13
15 14
16 15
17 16
18 17
19 18
20 19
21 20
22 21
23 22
24 23
25 24
26 25
27 26
28 27
29 28
30 29
31 30
32 31
33 32
34 33
35 34
35 36
37 34
38 33
39 32
40 31
41 30
42 29
43 28
44 27
45 26
46 25
47 24
48 23
49 22
50 21
51 20
52 19
53 18
54 17
55 16
56 15
57 14
58 13
59 12
60 11
61 10
62 9
63 8
64 7
65 6
66 5
67 4
68 3
69 2
70 1
71 0
38
4 -73 -37 -108 -36
4 108 -38 -107 -35
4 107 -39 -106 -34
4 106 -40 -105 -33
4 105 -41 -104 -32
4 104 -42 -103 -31
4 103 -43 -102 -30
4 102 -44 -101 -29
4 101 -45 -100 -28
4 100 -46 -99 -27
4 99 -47 -98 -26
4 98 -48 -97 -25
4 97 -49 -96 -24
4 96 -50 -95 -23
4 95 -51 -94 -22
4 94 -52 -93 -21
4 93 -53 -92 -20
4 92 -54 -91 -19
4 91 -55 -90 -18
4 90 -56 -89 -17
4 89 -57 -88 -16
4 88 -58 -87 -15
4 87 -59 -86 -14
4 86 -60 -85 -13
4 85 -61 -84 -12
4 84 -62 -83 -11
4 83 -63 -82 -10
4 82 -64 -81 -9
4 81 -65 -80 -8
4 80 -66 -79 -7
4 79 -67 -78 -6
4 78 -68 -77 -5
4 77 -69 -76 -4
4 76 -70 -75 -3
4 75 -71 -74 -2
4 74 -72 73 -1
36 72 71 70 69 68 67 66 65 64 63 62 61 60 59 58 57
   56 55 54 53 52 51 50 49 48 47 46 45 44 43 42 41
   40 39 38 37
36 36 35 34 33 32 31 30 29 28 27 26 25 24 23 22 21
   20 19 18 17 16 15 14 13 12 11 10 9 8 7 6 5
   4 3 2 1
0
0
6
*
72
6.929650 -80.008057 116.999748
7.517543 -80.008057 115.736084
7.878871 -80.008057 114.389397
7.999966 -80.008057 112.999756
7.878870 -80.008057 111.611076
7.517543 -80.008057 110.263916
6.929652 -80.008057 108.999756
6.128869 -80.008057 107.857658
5.142541 -80.008057 106.871826
3.999963 -80.008057 106.072021
2.736292 -80.008057 105.482178
1.390589 -80.008057 105.121826
-0.000020 -80.008057 104.999748
-1.388706 -80.008057 105.121826
-2.734410 -80.008057 105.482178
-4.000037 -80.008057 106.072021
-5.140661 -80.008057 106.871819
-6.128944 -80.008057 107.857658
-6.927771 -80.008057 108.999756
-7.515662 -80.008057 110.263916
-7.878943 -80.008057 111.611076
-8.000034 -80.008057 112.999756
-7.878942 -80.008057 114.389404
-7.515658 -80.008057 115.736076
-6.927773 -80.008057 116.999748
-6.128947 -80.008057 118.142326
-5.140661 -80.008057 119.128654
-4.000039 -80.008057 119.928459
-2.734409 -80.008057 120.517334
-1.388706 -80.008057 120.878662
-0.000019 -80.008057 120.999748
1.390590 -80.008057 120.878662
2.736293 -80.008057 120.517334
3.999962 -80.008057 119.928459
5.142540 -80.008057 119.128654
6.128870 -80.008057 118.142326
6.128870 -91.508057 118.142326
5.142540 -91.508057 119.128654
3.999962 -91.508057 119.928459
2.736293 -91.508057 120.517334
1.390590 -91.508057 120.878662
-0.000019 -91.508057 120.999748
-1.388706 -91.508057 120.878662
-2.734409 -91.508057 120.517334
-4.000039 -91.508057 119.928459
-5.140661 -91.508057 119.128654
-6.128947 -91.508057 118.142326
-6.927773 -91.508057 116.999748
-7.515658 -91.508057 115.736076
-7.878942 -91.508057 114.389404
-8.000034 -91.508057 112.999756
-7.878943 -91.508057 111.611076
-7.515662 -91.508057 110.263916
-6.927771 -91.508057 108.999756
-6.128944 -91.508057 107.857658
-5.140661 -91.508057 106.871819
-4.000037 -91.508057 106.072021
-2.734410 -91.508057 105.482178
-1.388706 -91.508057 105.121826
-0.000020 -91.508057 104.999748
1.390589 -91.508057 105.121826
2.736292 -91.508057 105.482178
3.999963 -91.508057 106.072021
5.142541 -91.508057 106.871826
6.128869 -91.508057 107.857658
6.929652 -91.508057 108.999756
7.517543 -91.508057 110.263916
7.878870 -91.508057 111.611076
7.999966 -91.508057 112.999756
7.878871 -91.508057 114.389397
7.517543 -91.508057 115.736084
6.929650 -91.508057 116.999748
0
108
36 37
37 38
38 39
39 40
40 41
41 42
42 43
43 44
44 45
45 46
46 47
47 48
48 49
49 50
50 51
51 52
52 53
53 54
54 55
55 56
56 57
57 58
58 59
59 60
60 61
61 62
62 63
63 64
64 65
65 66
66 67
67 68
68 69
69 70
70 71
71 36
35 0
0 1
1 2
2 3
3 4
4 5
5 6
6 7
7 8
8 9
9 10
10 11
11 12
12 13
13 14
14 15
15 16
16 17
17 18
18 19
19 20
20 21
21 22
22 23
23 24
24 25
25 26
26 27
27 28
28 29
29 30
30 31
31 32
32 33
33 34
34 35
36 35
34 37
33 38
32 39
31 40
30 41
29 42
28 43
27 44
26 45
25 46
24 47
23 48
22 49
21 50
20 51
19 52
18 53
17 54
16 55
15 56
14 57
13 58
12 59
11 60
10 61
9 62
8 63
7 64
6 65
5 66
4 67
3 68
2 69
1 70
0 71
38
4 -36 -108 -37 -73
4 -35 -107 -38 108
4 -34 -106 -39 107
4 -33 -105 -40 106
4 -32 -104 -41 105
4 -31 -103 -42 104
4 -30 -102 -43 103
4 -29 -101 -44 102
4 -28 -100 -45 101
4 -27 -99 -46 100
4 -26 -98 -47 99
4 -25 -97 -48 98
4 -24 -96 -49 97
4 -23 -95 -50 96
4 -22 -94 -51 95
4 -21 -93 -52 94
4 -20 -92 -53 93
4 -19 -91 -54 92
4 -18 -90 -55 91
4 -17 -89 -56 90
4 -16 -88 -57 89
4 -15 -87 -58 88
4 -14 -86 -59 87
4 -13 -85 -60 86
4 -12 -84 -61 85
4 -11 -83 -62 84
4 -10 -82 -63 83
4 -9 -81 -64 82
4 -8 -80 -65 81
4 -7 -79 -66 80
4 -6 -78 -67 79
4 -5 -77 -68 78
4 -4 -76 -69 77
4 -3 -75 -70 76
4 -2 -74 -71 75
4 -1 73 -72 74
36 37 38 39 40 41 42 43 44 45 46 47 48 49 50 51 52
   53 54 55 56 57 58 59 60 61 62 63 64 65 66 67 68
   69 70 71 72
36 1 2 3 4 5 6 7 8 9 10 11 12 13 14 15 16
   17 18 19 20 21 22 23 24 25 26 27 28 29 30 31 32
   33 34 35 36
0
0
6
*
72
104.789589 -91.508057 52.498615
103.989166 -91.508057 51.357655
103.003571 -91.508057 50.371395
101.860641 -91.508057 49.571697
100.597473 -91.508057 48.982235
99.250130 -91.508057 48.621571
97.861389 -91.508057 48.498619
96.471916 -91.508057 48.621071
95.124992 -91.508057 48.982334
93.861053 -91.508057 49.571938
92.718399 -91.508057 50.371387
91.733467 -91.508057 51.356617
90.932449 -91.508057 52.499889
90.343819 -91.508057 53.763561
89.983047 -91.508057 55.109158
89.861053 -91.508057 56.500141
89.983391 -91.508057 57.887852
90.343010 -91.508057 59.236645
90.932678 -91.508057 60.499500
91.733528 -91.508057 61.640709
92.718567 -91.508057 62.628899
93.860649 -91.508057 63.428108
95.124664 -91.508057 64.018059
96.472565 -91.508057 64.376793
97.860878 -91.508057 64.499496
99.249794 -91.508057 64.378975
100.598122 -91.508057 64.016266
101.861084 -91.508057 63.428360
103.003868 -91.508057 62.626728
103.989639 -91.508057 61.641979
104.788857 -91.508057 60.499889
105.379288 -91.508057 59.235035
105.739220 -91.508057 57.888958
105.861084 -91.508057 56.500156
105.739723 -91.508057 55.110756
105.378700 -91.508057 53.763405
105.378700 -80.008057 53.763405
105.739723 -80.008057 55.110756
105.861084 -80.008057 56.500156
105.739220 -80.008057 57.888958
105.379288 -80.008057 59.235035
104.788857 -80.008057 60.499889
103.989639 -80.008057 61.641979
103.003868 -80.008057 62.626728
101.861084 -80.008057 63.428360
100.598122 -80.008057 64.016266
99.249794 -80.008057 64.378975
97.860878 -80.008057 64.499496
96.472565 -80.008057 64.376793
95.124664 -80.008057 64.018059
93.860649 -80.008057 63.428108
92.718567 -80.008057 62.628899
91.733528 -80.008057 61.640709
90.932678 -80.008057 60.499500
90.343010 -80.008057 59.236645
89.983391 -80.008057 57.887852
89.861053 -80.008057 56.500141
89.983047 -80.008057 55.109158
90.343819 -80.008057 53.763561
90.932449 -80.008057 52.499889
91.733467 -80.008057 51.356617
92.718399 -80.008057 50.371387
93.861053 -80.008057 49.571938
95.124992 -80.008057 48.982334
96.471916 -80.008057 48.621071
97.861389 -80.008057 48.498619
99.250130 -80.008057 48.621571
100.597473 -80.008057 48.982235
101.860641 -80.008057 49.571697
103.003571 -80.008057 50.371395
103.989166 -80.008057 51.357655
104.789589 -80.008057 52.498615
0
108
71 0
70 1
69 2
68 3
67 4
66 5
65 6
64 7
63 8
62 9
61 10
60 11
59 12
58 13
57 14
56 15
55 16
54 17
53 18
52 19
51 20
50 21
49 22
48 23
47 24
46 25
45 26
44 27
43 28
42 29
41 30
40 31
39 32
38 33
37 34
35 36
37 36
38 37
39 38
40 39
41 40
42 41
43 42
44 43
45 44
46 45
47 46
48 47
49 48
50 49
51 50
52 51
53 52
54 53
55 54
56 55
57 56
58 57
59 58
60 59
61 60
62 61
63 62
64 63
65 64
66 65
67 66
68 67
69 68
70 69
71 70
36 71
0 35
1 0
2 1
3 2
4 3
5 4
6 5
7 6
8 7
9 8
10 9
11 10
12 11
13 12
14 13
15 14
16 15
17 16
18 17
19 18
20 19
21 20
22 21
23 22
24 23
25 24
26 25
27 26
28 27
29 28
30 29
31 30
32 31
33 32
34 33
35 34
38
4 -73 -1 -72 -36
4 -74 -2 -71 1
4 -75 -3 -70 2
4 -76 -4 -69 3
4 -77 -5 -68 4
4 -78 -6 -67 5
4 -79 -7 -66 6
4 -80 -8 -65 7
4 -81 -9 -64 8
4 -82 -10 -63 9
4 -83 -11 -62 10
4 -84 -12 -61 11
4 -85 -13 -60 12
4 -86 -14 -59 13
4 -87 -15 -58 14
4 -88 -16 -57 15
4 -89 -17 -56 16
4 -90 -18 -55 17
4 -91 -19 -54 18
4 -92 -20 -53 19
4 -93 -21 -52 20
4 -94 -22 -51 21
4 -95 -23 -50 22
4 -96 -24 -49 23
4 -97 -25 -48 24
4 -98 -26 -47 25
4 -99 -27 -46 26
4 -100 -28 -45 27
4 -101 -29 -44 28
4 -102 -30 -43 29
4 -103 -31 -42 30
4 -104 -32 -41 31
4 -105 -33 -40 32
4 -106 -34 -39 33
4 -107 -35 -38 34
4 -108 36 -37 35
36 72 71 70 69 68 67 66 65 64 63 62 61 60 59 58 57
   56 55 54 53 52 51 50 49 48 47 46 45 44 43 42 41
   40 39 38 37
36 108 107 106 105 104 103 102 101 100 99 98 97 96 95 94 93
   92 91 90 89 88 87 86 85 84 83 82 81 80 79 78 77
   76 75 74 73
0
0
6
*
72
-97.859940 -91.508057 -64.501122
-96.471619 -91.508057 -64.378418
-95.124695 -91.508057 -64.017998
-93.860680 -91.508057 -63.428047
-92.718605 -91.508057 -62.628838
-91.732582 -91.508057 -61.642334
-90.931740 -91.508057 -60.501125
-90.343048 -91.508057 -59.236588
-89.982445 -91.508057 -57.889481
-89.861084 -91.508057 -56.500076
-89.982101 -91.508057 -55.110783
-90.342880 -91.508057 -53.765194
-90.932465 -91.508057 -52.499851
-91.732529 -91.508057 -51.358253
-92.717453 -91.508057 -50.373013
-93.861084 -91.508057 -49.571873
-95.124054 -91.508057 -48.983963
-96.471954 -91.508057 -48.621002
-97.860443 -91.508057 -48.500248
-99.249184 -91.508057 -48.623199
-100.597511 -91.508057 -48.982170
-101.860680 -91.508057 -49.571640
-103.003609 -91.508057 -50.371330
-103.988220 -91.508057 -51.359283
-104.788651 -91.508057 -52.500244
-105.378731 -91.508057 -53.763340
-105.738785 -91.508057 -55.112381
-105.861122 -91.508057 -56.500092
-105.738281 -91.508057 -57.890594
-105.378349 -91.508057 -59.236671
-104.788872 -91.508057 -60.499851
-103.988701 -91.508057 -61.643612
-103.002937 -91.508057 -62.628361
-101.861122 -91.508057 -63.428295
-100.597183 -91.508057 -64.017891
-99.249832 -91.508057 -64.378914
-99.249832 -80.008057 -64.378914
-100.597183 -80.008057 -64.017891
-101.861122 -80.008057 -63.428295
-103.002937 -80.008057 -62.628361
-103.988701 -80.008057 -61.643612
-104.788872 -80.008057 -60.499851
-105.378349 -80.008057 -59.236671
-105.738281 -80.008057 -57.890594
-105.861122 -80.008057 -56.500092
-105.738785 -80.008057 -55.112381
-105.378731 -80.008057 -53.763340
-104.788651 -80.008057 -52.500244
-103.988220 -80.008057 -51.359283
-103.003609 -80.008057 -50.371330
-101.860680 -80.008057 -49.571640
-100.597511 -80.008057 -48.982170
-99.249184 -80.008057 -48.623199
-97.860443 -80.008057 -48.500248
-96.471954 -80.008057 -48.621002
-95.124054 -80.008057 -48.983963
-93.861084 -80.008057 -49.571873
-92.717453 -80.008057 -50.373013
-91.732529 -80.008057 -51.358253
-90.932465 -80.008057 -52.499851
-90.342880 -80.008057 -53.765194
-89.982101 -80.008057 -55.110783
-89.861084 -80.008057 -56.500076
-89.982445 -80.008057 -57.889481
-90.343048 -80.008057 -59.236588
-90.931740 -80.008057 -60.501125
-91.732582 -80.008057 -61.642334
-92.718605 -80.008057 -62.628838
-93.860680 -80.008057 -63.428047
-95.124695 -80.008057 -64.017998
-96.471619 -80.008057 -64.378418
-97.859940 -80.008057 -64.501122
0
108
0 71
1 70
2 69
3 68
4 67
5 66
6 65
7 64
8 63
9 62
10 61
11 60
12 59
13 58
14 57
15 56
16 55
17 54
18 53
19 52
20 51
21 50
22 49
23 48
24 47
25 46
26 45
27 44
28 43
29 42
30 41
31 40
32 39
33 38
34 37
36 35
36 37
37 38
38 39
39 40
40 41
41 42
42 43
43 44
44 45
45 46
46 47
47 48
48 49
49 50
50 51
51 52
52 53
53 54
54 55
55 56
56 57
57 58
58 59
59 60
60 61
61 62
62 63
63 64
64 65
65 66
66 67
67 68
68 69
69 70
70 71
71 36
35 0
0 1
1 2
2 3
3 4
4 5
5 6
6 7
7 8
8 9
9 10
10 11
11 12
12 13
13 14
14 15
15 16
16 17
17 18
18 19
19 20
20 21
21 22
22 23
23 24
24 25
25 26
26 27
27 28
28 29
29 30
30 31
31 32
32 33
33 34
34 35
38
4 -36 -72 -1 -73
4 1 -71 -2 -74
4 2 -70 -3 -75
4 3 -69 -4 -76
4 4 -68 -5 -77
4 5 -67 -6 -78
4 6 -66 -7 -79
4 7 -65 -8 -80
4 8 -64 -9 -81
4 9 -63 -10 -82
4 10 -62 -11 -83
4 11 -61 -12 -84
4 12 -60 -13 -85
4 13 -59 -14 -86
4 14 -58 -15 -87
4 15 -57 -16 -88
4 16 -56 -17 -89
4 17 -55 -18 -90
4 18 -54 -19 -91
4 19 -53 -20 -92
4 20 -52 -21 -93
4 21 -51 -22 -94
4 22 -50 -23 -95
4 23 -49 -24 -96
4 24 -48 -25 -97
4 25 -47 -26 -98
4 26 -46 -27 -99
4 27 -45 -28 -100
4 28 -44 -29 -101
4 29 -43 -30 -102
4 30 -42 -31 -103
4 31 -41 -32 -104
4 32 -40 -33 -105
4 33 -39 -34 -106
4 34 -38 -35 -107
4 35 -37 36 -108
36 37 38 39 40 41 42 43 44 45 46 47 48 49 50 51 52
   53 54 55 56 57 58 59 60 61 62 63 64 65 66 67 68
   69 70 71 72
36 73 74 75 76 77 78 79 80 81 82 83 84 85 86 87 88
   89 90 91 92 93 94 95 96 97 98 99 100 101 102 103 104
   105 106 107 108
0
0
6
*
72
-52.498623 -80.008057 -104.789581
-51.357658 -80.008057 -103.989159
-50.371399 -80.008057 -103.003563
-49.571705 -80.008057 -101.860641
-48.982239 -80.008057 -100.597466
-48.621574 -80.008057 -99.250122
-48.498623 -80.008057 -97.861382
-48.621075 -80.008057 -96.471909
-48.982342 -80.008057 -95.124985
-49.571941 -80.008057 -93.861046
-50.371391 -80.008057 -92.718391
-51.356628 -80.008057 -91.733467
-52.499893 -80.008057 -90.932442
-53.763569 -80.008057 -90.343819
-55.109158 -80.008057 -89.983040
-56.500145 -80.008057 -89.861046
-57.887856 -80.008057 -89.983383
-59.236652 -80.008057 -90.343002
-60.499504 -80.008057 -90.932671
-61.640713 -80.008057 -91.733521
-62.628906 -80.008057 -92.718559
-63.428112 -80.008057 -93.860641
-64.018066 -80.008057 -95.124657
-64.376793 -80.008057 -96.472557
-64.499504 -80.008057 -97.860870
-64.378990 -80.008057 -99.249786
-64.016273 -80.008057 -100.598114
-63.428368 -80.008057 -101.861076
-62.626736 -80.008057 -103.003868
-61.641987 -80.008057 -103.989639
-60.499893 -80.008057 -104.788849
-59.235046 -80.008057 -105.379288
-57.888969 -80.008057 -105.739220
-56.500164 -80.008057 -105.861076
-55.110760 -80.008057 -105.739716
-53.763409 -80.008057 -105.378693
-53.763409 -91.508057 -105.378693
-55.110760 -91.508057 -105.739716
-56.500164 -91.508057 -105.861076
-57.888969 -91.508057 -105.739220
-59.235046 -91.508057 -105.379288
-60.499893 -91.508057 -104.788849
-61.641987 -91.508057 -103.989639
-62.626736 -91.508057 -103.003868
-63.428368 -91.508057 -101.861076
-64.016273 -91.508057 -100.598114
-64.378990 -91.508057 -99.249786
-64.499504 -91.508057 -97.860870
-64.376793 -91.508057 -96.472557
-64.018066 -91.508057 -95.124657
-63.428112 -91.508057 -93.860641
-62.628906 -91.508057 -92.718559
-61.640713 -91.508057 -91.733521
-60.499504 -91.508057 -90.932671
-59.236652 -91.508057 -90.343002
-57.887856 -91.508057 -89.983383
-56.500145 -91.508057 -89.861046
-55.109158 -91.508057 -89.983040
-53.763569 -91.508057 -90.343819
-52.499893 -91.508057 -90.932442
-51.356628 -91.508057 -91.733467
-50.371391 -91.508057 -92.718391
-49.571941 -91.508057 -93.861046
-48.982342 -91.508057 -95.124985
-48.621075 -91.508057 -96.471909
-48.498623 -91.508057 -97.861382
-48.621574 -91.508057 -99.250122
-48.982239 -91.508057 -100.597466
-49.571705 -91.508057 -101.860641
-50.371399 -91.508057 -103.003563
-51.357658 -91.508057 -103.989159
-52.498623 -91.508057 -104.789581
0
108
37 36
38 37
39 38
40 39
41 40
42 41
43 42
44 43
45 44
46 45
47 46
48 47
49 48
50 49
51 50
52 51
53 52
54 53
55 54
56 55
57 56
58 57
59 58
60 59
61 60
62 61
63 62
64 63
65 64
66 65
67 66
68 67
69 68
70 69
71 70
36 71
0 35
1 0
2 1
3 2
4 3
5 4
6 5
7 6
8 7
9 8
10 9
11 10
12 11
13 12
14 13
15 14
16 15
17 16
18 17
19 18
20 19
21 20
22 21
23 22
24 23
25 24
26 25
27 26
28 27
29 28
30 29
31 30
32 31
33 32
34 33
35 34
35 36
37 34
38 33
39 32
40 31
41 30
42 29
43 28
44 27
45 26
46 25
47 24
48 23
49 22
50 21
51 20
52 19
53 18
54 17
55 16
56 15
57 14
58 13
59 12
60 11
61 10
62 9
63 8
64 7
65 6
66 5
67 4
68 3
69 2
70 1
71 0
38
4 -73 -37 -108 -36
4 108 -38 -107 -35
4 107 -39 -106 -34
4 106 -40 -105 -33
4 105 -41 -104 -32
4 104 -42 -103 -31
4 103 -43 -102 -30
4 102 -44 -101 -29
4 101 -45 -100 -28
4 100 -46 -99 -27
4 99 -47 -98 -26
4 98 -48 -97 -25
4 97 -49 -96 -24
4 96 -50 -95 -23
4 95 -51 -94 -22
4 94 -52 -93 -21
4 93 -53 -92 -20
4 92 -54 -91 -19
4 91 -55 -90 -18
4 90 -56 -89 -17
4 89 -57 -88 -16
4 88 -58 -87 -15
4 87 -59 -86 -14
4 86 -60 -85 -13
4 85 -61 -84 -12
4 84 -62 -83 -11
4 83 -63 -82 -10
4 82 -64 -81 -9
4 81 -65 -80 -8
4 80 -66 -79 -7
4 79 -67 -78 -6
4 78 -68 -77 -5
4 77 -69 -76 -4
4 76 -70 -75 -3
4 75 -71 -74 -2
4 74 -72 73 -1
36 72 71 70 69 68 67 66 65 64 63 62 61 60 59 58 57
   56 55 54 53 52 51 50 49 48 47 46 45 44 43 42 41
   40 39 38 37
36 36 35 34 33 32 31 30 29 28 27 26 25 24 23 22 21
   20 19 18 17 16 15 14 13 12 11 10 9 8 7 6 5
   4 3 2 1
0
0
6
*
72
64.501129 -80.008057 97.859932
64.378426 -80.008057 96.471619
64.018005 -80.008057 95.124695
63.428051 -80.008057 93.860672
62.628845 -80.008057 92.718597
61.642342 -80.008057 91.732582
60.501133 -80.008057 90.931732
59.236591 -80.008057 90.343040
57.889484 -80.008057 89.982445
56.500080 -80.008057 89.861084
55.110786 -80.008057 89.982101
53.765198 -80.008057 90.342873
52.499863 -80.008057 90.932465
51.358257 -80.008057 91.732521
50.373020 -80.008057 92.717453
49.571877 -80.008057 93.861084
48.983971 -80.008057 95.124046
48.621014 -80.008057 96.471947
48.500252 -80.008057 97.860443
48.623203 -80.008057 99.249184
48.982178 -80.008057 100.597504
49.571644 -80.008057 101.860672
50.371338 -80.008057 103.003601
51.359287 -80.008057 103.988220
52.500252 -80.008057 104.788643
53.763348 -80.008057 105.378731
55.112389 -80.008057 105.738777
56.500099 -80.008057 105.861115
57.890598 -80.008057 105.738274
59.236675 -80.008057 105.378342
60.499863 -80.008057 104.788872
61.643616 -80.008057 103.988693
62.628365 -80.008057 103.002922
63.428303 -80.008057 101.861115
64.017906 -80.008057 100.597176
64.378922 -80.008057 99.249825
64.378922 -91.508057 99.249825
64.017906 -91.508057 100.597176
63.428303 -91.508057 101.861115
62.628365 -91.508057 103.002922
61.643616 -91.508057 103.988693
60.499863 -91.508057 104.788872
59.236675 -91.508057 105.378342
57.890598 -91.508057 105.738274
56.500099 -91.508057 105.861115
55.112389 -91.508057 105.738777
53.763348 -91.508057 105.378731
52.500252 -91.508057 104.788643
51.359287 -91.508057 103.988220
50.371338 -91.508057 103.003601
49.571644 -91.508057 101.860672
48.982178 -91.508057 100.597504
48.623203 -91.508057 99.249184
48.500252 -91.508057 97.860443
48.621014 -91.508057 96.471947
48.983971 -91.508057 95.124046
49.571877 -91.508057 93.861084
50.373020 -91.508057 92.717453
51.358257 -91.508057 91.732521
52.499863 -91.508057 90.932465
53.765198 -91.508057 90.342873
55.110786 -91.508057 89.982101
56.500080 -91.508057 89.861084
57.889484 -91.508057 89.982445
59.236591 -91.508057 90.343040
60.501133 -91.508057 90.931732
61.642342 -91.508057 91.732582
62.628845 -91.508057 92.718597
63.428051 -91.508057 93.860672
64.018005 -91.508057 95.124695
64.378426 -91.508057 96.471619
64.501129 -91.508057 97.859932
0
108
36 37
37 38
38 39
39 40
40 41
41 42
42 43
43 44
44 45
45 46
46 47
47 48
48 49
49 50
50 51
51 52
52 53
53 54
54 55
55 56
56 57
57 58
58 59
59 60
60 61
61 62
62 63
63 64
64 65
65 66
66 67
67 68
68 69
69 70
70 71
71 36
35 0
0 1
1 2
2 3
3 4
4 5
5 6
6 7
7 8
8 9
9 10
10 11
11 12
12 13
13 14
14 15
15 16
16 17
17 18
18 19
19 20
20 21
21 22
22 23
23 24
24 25
25 26
26 27
27 28
28 29
29 30
30 31
31 32
32 33
33 34
34 35
36 35
34 37
33 38
32 39
31 40
30 41
29 42
28 43
27 44
26 45
25 46
24 47
23 48
22 49
21 50
20 51
19 52
18 53
17 54
16 55
15 56
14 57
13 58
12 59
11 60
10 61
9 62
8 63
7 64
6 65
5 66
4 67
3 68
2 69
1 70
0 71
38
4 -36 -108 -37 -73
4 -35 -107 -38 108
4 -34 -106 -39 107
4 -33 -105 -40 106
4 -32 -104 -41 105
4 -31 -103 -42 104
4 -30 -102 -43 103
4 -29 -101 -44 102
4 -28 -100 -45 101
4 -27 -99 -46 100
4 -26 -98 -47 99
4 -25 -97 -48 98
4 -24 -96 -49 97
4 -23 -95 -50 96
4 -22 -94 -51 95
4 -21 -93 -52 94
4 -20 -92 -53 93
4 -19 -91 -54 92
4 -18 -90 -55 91
4 -17 -89 -56 90
4 -16 -88 -57 89
4 -15 -87 -58 88
4 -14 -86 -59 87
4 -13 -85 -60 86
4 -12 -84 -61 85
4 -11 -83 -62 84
4 -10 -82 -63 83
4 -9 -81 -64 82
4 -8 -80 -65 81
4 -7 -79 -66 80
4 -6 -78 -67 79
4 -5 -77 -68 78
4 -4 -76 -69 77
4 -3 -75 -70 76
4 -2 -74 -71 75
4 -1 73 -72 74
36 37 38 39 40 41 42 43 44 45 46 47 48 49 50 51 52
   53 54 55 56 57 58 59 60 61 62 63 64 65 66 67 68
   69 70 71 72
36 1 2 3 4 5 6 7 8 9 10 11 12 13 14 15 16
   17 18 19 20 21 22 23 24 25 26 27 28 29 30 31 32
   33 34 35 36
0
0
-2
*
100
83.955078 -46.006855 -88.517822
66.710938 -46.006847 -102.145752
58.908203 -46.006847 -106.835693
47.298828 -46.006847 -112.457764
38.781250 -46.006847 -115.672119
26.351561 -46.006847 -119.119873
17.398436 -46.006840 -120.753174
4.550780 -46.006840 -121.914795
-4.550783 -46.006840 -121.915283
-17.398439 -46.006840 -120.753174
-26.353518 -46.006832 -119.119385
-38.781250 -46.006832 -115.671631
-47.300781 -46.006832 -112.457275
-58.908203 -46.006832 -106.835693
-66.710938 -46.006832 -102.145264
-77.121094 -46.006824 -94.531982
-83.957031 -46.006824 -88.517822
-98.476562 -46.006824 -72.016365
-109.800781 -46.006824 -53.177982
-117.558601 -46.006817 -32.613041
-121.503914 -46.006817 -10.989508
-121.503914 -46.006817 10.989985
-117.558601 -46.006817 32.613522
-109.800789 -46.006824 53.178463
-98.476570 -46.006824 72.016838
-83.955086 -46.006824 88.517822
-66.710945 -46.006832 102.145752
-58.908215 -46.006832 106.835693
-47.298840 -46.006832 112.457764
-38.781261 -46.006832 115.672119
-26.351576 -46.006832 119.119873
-17.398451 -46.006840 120.753174
-4.550794 -46.006840 121.914795
4.550769 -46.006840 121.915283
17.398424 -46.006840 120.753174
26.353502 -46.006847 119.119385
38.781239 -46.006847 115.671631
47.300770 -46.006847 112.457275
58.908192 -46.006847 106.835693
66.710930 -46.006847 102.145264
77.121086 -46.006855 94.531982
83.957024 -46.006855 88.517822
98.476555 -46.006855 72.016365
109.800774 -46.006855 53.177982
117.558586 -46.006863 32.613041
121.503899 -46.006863 10.989508
121.503899 -46.006863 -10.989985
117.558586 -46.006863 -32.613522
109.800781 -46.006855 -53.178463
98.476562 -46.006855 -72.016838
109.800774 -80.008072 -53.178463
117.558578 -80.008080 -32.613522
121.503891 -80.008080 -10.989985
121.503891 -80.008080 10.989508
117.558578 -80.008080 32.613041
109.800766 -80.008072 53.177982
