11
2
1.000000 0.000000 0.000000
0.000000 1.000000 0.000000
0.000000 0.000000 1.000000
0.000000 0.000000 1700.000000
-0.128398 0.000000 -0.991723
0.000000 1.000000 0.000000
0.991723 0.000000 -0.128398
-202.034058 -231.000000 -73.534058
0
0
50
-2
6
315.235046 -383.000031 84.468300
365.480591 -383.000031 97.929214
351.074463 -383.000031 145.419754
347.113098 -383.000031 152.830978
351.074463 -297.087433 145.419754
347.113098 -282.912292 152.830978
0
3
3 4 2 1
4 5 3 2 4
4 4 1 0 5
0
0
5
40
468.873657 33.000000 1060.043945
492.052856 33.000000 1069.409302
491.594482 25.274574 1070.543701
468.415466 25.274574 1061.178467
490.264221 18.305368 1073.836182
467.085388 18.305368 1064.470947
488.192322 12.774574 1078.964233
465.013672 12.774574 1069.599121
485.581543 9.223587 1085.425903
462.402954 9.223587 1076.060791
482.687439 8.000000 1092.588745
459.508972 8.000000 1083.223755
479.793335 9.223587 1099.751587
456.614868 9.223587 1090.386597
477.182556 12.774574 1106.213257
454.003967 12.774574 1096.848267
475.110657 18.305370 1111.341309
451.931946 18.305370 1101.976196
473.780396 25.274574 1114.633789
450.601501 25.274574 1105.268555
473.322021 33.000000 1115.768188
450.142883 33.000000 1106.402954
473.780396 40.725426 1114.633789
450.601074 40.725426 1105.268433
475.110657 47.694633 1111.341309
451.931152 47.694633 1101.975952
477.182556 53.225430 1106.213257
454.002930 53.225430 1096.847778
479.793335 56.776413 1099.751587
456.613586 56.776413 1090.386108
482.687439 58.000000 1092.588745
459.507629 58.000000 1083.223145
485.581543 56.776409 1085.425903
462.401672 56.776413 1076.060303
488.192322 53.225426 1078.964233
465.012573 53.225430 1069.598633
490.264221 47.694633 1073.836182
467.084656 47.694633 1064.470703
491.594482 40.725422 1070.543701
468.415100 40.725426 1061.178345
0
21
4 0 1 2 3
4 3 2 4 5
4 5 4 6 7
4 7 6 8 9
4 9 8 10 11
4 11 10 12 13
4 13 12 14 15
4 15 14 16 17
4 17 16 18 19
4 19 18 20 21
4 21 20 22 23
4 23 22 24 25
4 25 24 26 27
4 27 26 28 29
4 29 28 30 31
4 31 30 32 33
4 33 32 34 35
4 35 34 36 37
4 37 36 38 39
4 39 38 1 0
20 1 38 36 34 32 30 28 26 24 22 20 18 16 14 12 10
   8 6 4 2
0
0
5
40
428.125305 25.274580 1160.900024
451.304871 25.274580 1170.265137
429.455322 18.305372 1157.607544
452.635071 18.305372 1166.972656
431.527100 12.774576 1152.479370
454.706970 12.774576 1161.844604
434.137695 9.223593 1146.017700
457.317627 9.223593 1155.382813
437.031616 8.000004 1138.854736
460.211609 8.000004 1148.219971
439.925659 9.223591 1131.691895
463.105591 9.223591 1141.057129
442.536438 12.774576 1125.230225
465.716248 12.774576 1134.595337
444.608459 18.305370 1120.102173
467.788147 18.305370 1129.467285
445.938904 25.274580 1116.809814
469.118347 25.274580 1126.174805
446.397461 33.000004 1115.675415
469.576721 33.000004 1125.040283
445.939331 40.725430 1116.809937
469.118347 40.725430 1126.174805
444.609253 47.694633 1120.102539
467.788147 47.694633 1129.467285
442.537537 53.225430 1125.230591
465.716248 53.225430 1134.595337
439.926941 56.776417 1131.692383
463.105591 56.776417 1141.057129
437.032959 58.000004 1138.855225
460.211609 58.000004 1148.219971
434.138977 56.776417 1146.018188
457.317627 56.776417 1155.382813
431.528137 53.225430 1152.479858
454.706970 53.225430 1161.844604
429.456116 47.694637 1157.607910
452.635071 47.694637 1166.972656
428.125732 40.725430 1160.900269
451.304871 40.725430 1170.265137
450.846497 33.000004 1171.399658
427.667175 33.000004 1162.034668
0
21
4 39 38 37 36
4 36 37 35 34
4 34 35 33 32
4 32 33 31 30
4 30 31 29 28
4 28 29 27 26
4 26 27 25 24
4 24 25 23 22
4 22 23 21 20
4 20 21 19 18
4 18 19 17 16
4 16 17 15 14
4 14 15 13 12
4 12 13 11 10
4 10 11 9 8
4 8 9 7 6
4 6 7 5 4
4 4 5 3 2
4 2 3 1 0
4 0 1 38 39
20 38 1 3 5 7 9 11 13 15 17 19 21 23 25 27 29
   31 33 35 37
0
0
5
40
446.397095 -32.999996 1115.675171
469.576477 -32.999996 1125.040161
469.118103 -40.725422 1126.174561
445.938965 -40.725422 1116.809692
467.787903 -47.694630 1129.467041
444.608948 -47.694626 1120.102173
465.716003 -53.225422 1134.595093
442.537231 -53.225422 1125.230347
463.105347 -56.776409 1141.056885
439.926636 -56.776409 1131.692139
460.211365 -57.999996 1148.219727
437.032715 -57.999996 1138.854980
457.317383 -56.776409 1155.382568
434.138733 -56.776409 1146.017944
454.706726 -53.225422 1161.844360
431.527954 -53.225422 1152.479614
452.634827 -47.694626 1166.972412
429.455994 -47.694626 1157.607666
451.304626 -40.725422 1170.264893
428.125610 -40.725422 1160.900024
450.846252 -32.999996 1171.399292
427.667053 -32.999996 1162.034424
451.304626 -25.274572 1170.264893
428.125183 -25.274572 1160.899902
452.634827 -18.305363 1166.972412
429.455200 -18.305363 1157.607300
454.706726 -12.774569 1161.844360
431.526917 -12.774569 1152.479248
457.317383 -9.223583 1155.382568
434.137451 -9.223583 1146.017456
460.211365 -7.999996 1148.219727
437.031372 -7.999996 1138.854492
463.105347 -9.223585 1141.056885
439.925354 -9.223585 1131.691650
465.716003 -12.774569 1134.595093
442.536133 -12.774569 1125.229858
467.787903 -18.305365 1129.467041
444.608154 -18.305363 1120.101929
469.118103 -25.274572 1126.174561
445.938538 -25.274572 1116.809570
0
21
4 0 1 2 3
4 3 2 4 5
4 5 4 6 7
4 7 6 8 9
4 9 8 10 11
4 11 10 12 13
4 13 12 14 15
4 15 14 16 17
4 17 16 18 19
4 19 18 20 21
4 21 20 22 23
4 23 22 24 25
4 25 24 26 27
4 27 26 28 29
4 29 28 30 31
4 31 30 32 33
4 33 32 34 35
4 35 34 36 37
4 37 36 38 39
4 39 38 1 0
20 1 38 36 34 32 30 28 26 24 22 20 18 16 14 12 10
   8 6 4 2
0
0
5
40
450.601501 -40.725422 1105.269409
473.781189 -40.725422 1114.634155
451.931519 -47.694633 1101.976929
475.111389 -47.694633 1111.341675
454.003174 -53.225426 1096.848755
477.183167 -53.225426 1106.213623
456.613647 -56.776409 1090.386963
479.793762 -56.776409 1099.751831
459.507507 -58.000000 1083.223999
482.687622 -58.000000 1092.588867
462.401428 -56.776413 1076.061035
485.581482 -56.776413 1085.425903
465.012146 -53.225426 1069.599365
488.192078 -53.225430 1078.964111
467.084106 -47.694633 1064.471313
490.263855 -47.694633 1073.836060
468.414429 -40.725426 1061.178955
491.594055 -40.725426 1070.543579
468.872986 -33.000000 1060.044556
492.052368 -33.000000 1069.409058
468.414856 -25.274574 1061.179077
491.594055 -25.274574 1070.543579
467.084839 -18.305370 1064.471558
490.263855 -18.305370 1073.836060
465.013245 -12.774574 1069.599731
488.192078 -12.774574 1078.964111
462.402710 -9.223587 1076.061523
485.581482 -9.223587 1085.425903
459.508850 -8.000000 1083.224487
482.687622 -8.000000 1092.588867
456.614929 -9.223587 1090.387451
479.793762 -9.223587 1099.751831
454.004211 -12.774574 1096.849243
477.183167 -12.774574 1106.213623
451.932312 -18.305368 1101.977173
475.111389 -18.305368 1111.341675
450.601929 -25.274574 1105.269531
473.781189 -25.274574 1114.634155
473.322876 -33.000000 1115.768677
450.143372 -33.000000 1106.404053
0
21
4 39 38 37 36
4 36 37 35 34
4 34 35 33 32
4 32 33 31 30
4 30 31 29 28
4 28 29 27 26
4 26 27 25 24
4 24 25 23 22
4 22 23 21 20
4 20 21 19 18
4 18 19 17 16
4 16 17 15 14
4 14 15 13 12
4 12 13 11 10
4 10 11 9 8
4 8 9 7 6
4 6 7 5 4
4 4 5 3 2
4 2 3 1 0
4 0 1 38 39
20 38 1 3 5 7 9 11 13 15 17 19 21 23 25 27 29
   31 33 35 37
0
0
6
16
312.729370 -416.100037 319.327637
311.089355 -416.100037 318.237671
309.994385 -416.100037 316.597656
309.609375 -416.100037 314.667603
309.994385 -416.100037 312.727661
311.089355 -416.100037 311.087646
312.729370 -416.100037 309.997681
314.662354 -416.100037 309.607666
316.596375 -416.100037 309.997681
318.235413 -416.100037 311.087646
319.331360 -416.100037 312.727661
319.715393 -416.100037 314.667603
319.331360 -416.100037 316.597656
318.235413 -416.100037 318.237671
316.596375 -416.100037 319.327637
314.662354 -416.100037 319.717651
0
1
16 0 1 2 3 4 5 6 7 8 9 10 11 12 13 14 15
0
0
-2
40
307.555176 -396.000031 292.788422
307.555176 -416.000031 292.788422
301.143494 -396.000031 296.055328
301.143494 -416.000031 296.055328
296.055176 -396.000031 301.143646
296.055176 -416.000031 301.143646
292.788208 -396.000031 307.555328
292.788208 -416.000031 307.555328
291.662537 -396.000031 314.662720
291.662537 -416.000031 314.662720
292.788208 -396.000031 321.770111
292.788208 -416.000031 321.770111
296.055176 -396.000031 328.181793
296.055176 -416.000031 328.181793
301.143494 -396.000031 333.270111
301.143494 -416.000031 333.270111
307.555115 -396.000031 336.537018
307.555115 -416.000031 336.537018
314.662537 -396.000031 337.662720
314.662537 -416.000031 337.662720
321.769897 -396.000031 336.537018
321.769897 -416.000031 336.537018
328.181580 -396.000031 333.270111
328.181580 -416.000031 333.270111
333.269958 -396.000031 328.181763
333.269958 -416.000031 328.181793
336.536865 -396.000031 321.770111
336.536865 -416.000031 321.770111
337.662537 -396.000031 314.662720
337.662537 -416.000031 314.662720
336.536865 -396.000031 307.555328
336.536865 -416.000031 307.555328
333.269958 -396.000031 301.143677
333.269958 -416.000031 301.143646
328.181580 -396.000031 296.055328
328.181580 -416.000031 296.055328
321.769897 -396.000031 292.788422
321.769897 -416.000031 292.788422
314.662537 -396.000031 291.662720
314.662537 -416.000031 291.662720
0
21
4 39 1 0 38
4 1 3 2 0
4 3 5 4 2
4 5 7 6 4
4 7 9 8 6
4 9 11 10 8
4 11 13 12 10
4 13 15 14 12
4 15 17 16 14
4 17 19 18 16
4 19 21 20 18
4 21 23 22 20
4 23 25 24 22
4 25 27 26 24
4 27 29 28 26
4 29 31 30 28
4 31 33 32 30
4 33 35 34 32
4 35 37 36 34
4 37 39 38 36
20 39 37 35 33 31 29 27 25 23 21 19 17 15 13 11 9
   7 5 3 1
0
0
-2
40
255.241638 -416.000061 341.522736
255.241638 -396.000061 341.522736
262.348999 -416.000061 342.648438
262.348999 -396.000061 342.648438
268.760681 -416.000061 345.915344
268.760681 -396.000061 345.915344
273.849060 -416.000061 351.003662
273.849060 -396.000061 351.003693
277.115967 -416.000061 357.415344
277.115967 -396.000061 357.415344
278.241638 -416.000061 364.522736
278.241638 -396.000061 364.522736
277.115967 -416.000061 371.630127
277.115967 -396.000061 371.630127
273.849060 -416.000061 378.041809
273.849060 -396.000061 378.041779
268.760681 -416.000061 383.130127
268.760681 -396.000061 383.130127
262.348999 -416.000061 386.397034
262.348999 -396.000061 386.397034
255.241638 -416.000061 387.522736
255.241638 -396.000061 387.522736
248.134216 -416.000061 386.397034
248.134216 -396.000061 386.397034
241.722595 -416.000061 383.130127
241.722595 -396.000061 383.130127
236.634277 -416.000061 378.041809
236.634277 -396.000061 378.041809
233.367310 -416.000061 371.630127
233.367310 -396.000061 371.630127
232.241638 -416.000061 364.522736
232.241638 -396.000061 364.522736
233.367310 -416.000061 357.415344
233.367310 -396.000061 357.415344
236.634277 -416.000061 351.003662
236.634277 -396.000061 351.003662
241.722595 -416.000061 345.915344
241.722595 -396.000061 345.915344
248.134277 -416.000061 342.648438
248.134277 -396.000061 342.648438
0
21
4 0 38 39 1
4 38 36 37 39
4 36 34 35 37
4 34 32 33 35
4 32 30 31 33
4 30 28 29 31
4 28 26 27 29
4 26 24 25 27
4 24 22 23 25
4 22 20 21 23
4 20 18 19 21
4 18 16 17 19
4 16 14 15 17
4 14 12 13 15
4 12 10 11 13
4 10 8 9 11
4 8 6 7 9
4 6 4 5 7
4 4 2 3 5
4 2 0 1 3
20 0 2 4 6 8 10 12 14 16 18 20 22 24 26 28 30
   32 34 36 38
0
0
6
16
255.241455 -416.100067 369.577667
257.175476 -416.100067 369.187653
258.814514 -416.100067 368.097687
259.910461 -416.100067 366.457672
260.294495 -416.100067 364.527618
259.910461 -416.100067 362.587677
258.814514 -416.100067 360.947662
257.175476 -416.100067 359.857697
255.241455 -416.100067 359.467682
253.308472 -416.100067 359.857697
251.668457 -416.100067 360.947662
250.573486 -416.100067 362.587677
250.188477 -416.100067 364.527618
250.573486 -416.100067 366.457672
251.668457 -416.100067 368.097687
253.308472 -416.100067 369.187653
0
1
16 15 14 13 12 11 10 9 8 7 6 5 4 3 2 1 0
0
0
6
16
36.851074 -416.100037 447.969849
35.211060 -416.100037 446.879883
34.116089 -416.100037 445.239868
33.731079 -416.100037 443.309814
34.116089 -416.100037 441.369873
35.211060 -416.100037 439.729858
36.851074 -416.100037 438.639893
38.784058 -416.100037 438.249878
40.718079 -416.100037 438.639893
42.357117 -416.100037 439.729858
43.453064 -416.100037 441.369873
43.837097 -416.100037 443.309814
43.453064 -416.100037 445.239868
42.357117 -416.100037 446.879883
40.718079 -416.100037 447.969849
38.784058 -416.100037 448.359863
0
1
16 0 1 2 3 4 5 6 7 8 9 10 11 12 13 14 15
0
0
-2
40
31.676880 -396.000031 421.430634
31.676880 -416.000031 421.430634
25.265198 -396.000031 424.697540
25.265198 -416.000031 424.697540
20.176880 -396.000031 429.785858
20.176880 -416.000031 429.785858
16.909912 -396.000031 436.197540
16.909912 -416.000031 436.197540
15.784241 -396.000031 443.304932
15.784241 -416.000031 443.304932
16.909912 -396.000031 450.412323
16.909912 -416.000031 450.412323
20.176880 -396.000031 456.824005
20.176880 -416.000031 456.824005
25.265198 -396.000031 461.912323
25.265198 -416.000031 461.912323
31.676819 -396.000031 465.179230
31.676819 -416.000031 465.179230
38.784241 -396.000031 466.304932
38.784241 -416.000031 466.304932
45.891602 -396.000031 465.179230
45.891602 -416.000031 465.179230
52.303284 -396.000031 461.912323
52.303284 -416.000031 461.912323
57.391663 -396.000031 456.823975
57.391663 -416.000031 456.824005
60.658569 -396.000031 450.412323
60.658569 -416.000031 450.412323
61.784241 -396.000031 443.304932
61.784241 -416.000031 443.304932
60.658569 -396.000031 436.197540
60.658569 -416.000031 436.197540
57.391663 -396.000031 429.785889
57.391663 -416.000031 429.785858
52.303284 -396.000031 424.697540
52.303284 -416.000031 424.697540
45.891602 -396.000031 421.430634
45.891602 -416.000031 421.430634
38.784241 -396.000031 420.304932
38.784241 -416.000031 420.304932
0
21
4 39 1 0 38
4 1 3 2 0
4 3 5 4 2
4 5 7 6 4
4 7 9 8 6
4 9 11 10 8
4 11 13 12 10
4 13 15 14 12
4 15 17 16 14
4 17 19 18 16
4 19 21 20 18
4 21 23 22 20
4 23 25 24 22
4 25 27 26 24
4 27 29 28 26
4 29 31 30 28
4 31 33 32 30
4 33 35 34 32
4 35 37 36 34
4 37 39 38 36
20 39 37 35 33 31 29 27 25 23 21 19 17 15 13 11 9
   7 5 3 1
0
0
-2
40
109.334839 -352.030060 1221.234863
109.334839 -338.030060 1221.234863
114.309998 -352.030060 1222.022827
114.309998 -338.030060 1222.022827
118.798157 -352.030060 1224.309692
118.798157 -338.030060 1224.309692
122.360046 -352.030060 1227.871460
122.360046 -338.030060 1227.871460
124.646851 -352.030060 1232.359619
124.646851 -338.030060 1232.359619
125.434814 -352.030060 1237.334839
125.434814 -338.030060 1237.334839
124.646851 -352.030060 1242.310059
124.646851 -338.030060 1242.310059
122.360046 -352.030060 1246.798218
122.360046 -338.030060 1246.798218
118.798157 -352.030060 1250.359985
118.798157 -338.030060 1250.359985
114.309998 -352.030060 1252.646851
114.309998 -338.030060 1252.646851
109.334839 -352.030060 1253.434814
109.334839 -338.030060 1253.434814
104.359619 -352.030060 1252.646851
104.359619 -338.030060 1252.646851
99.871460 -352.030060 1250.359985
99.871460 -338.030060 1250.359985
96.309692 -352.030060 1246.798218
96.309692 -338.030060 1246.798218
94.022827 -352.030060 1242.310059
94.022827 -338.030060 1242.310059
93.234863 -352.030060 1237.334839
93.234863 -338.030060 1237.334839
94.022827 -352.030060 1232.359619
94.022827 -338.030060 1232.359619
96.309692 -352.030060 1227.871460
96.309692 -338.030060 1227.871460
99.871460 -352.030060 1224.309692
99.871460 -338.030060 1224.309692
104.359680 -352.030060 1222.022827
104.359680 -338.030060 1222.022827
0
21
4 0 38 39 1
4 38 36 37 39
4 36 34 35 37
4 34 32 33 35
4 32 30 31 33
4 30 28 29 31
4 28 26 27 29
4 26 24 25 27
4 24 22 23 25
4 22 20 21 23
4 20 18 19 21
4 18 16 17 19
4 16 14 15 17
4 14 12 13 15
4 12 10 11 13
4 10 8 9 11
4 8 6 7 9
4 6 4 5 7
4 4 2 3 5
4 2 0 1 3
20 0 2 4 6 8 10 12 14 16 18 20 22 24 26 28 30
   32 34 36 38
0
0
6
16
19.067017 -352.100037 1292.999756
17.427002 -352.100037 1291.909790
16.332031 -352.100037 1290.269775
15.947021 -352.100037 1288.339722
16.332031 -352.100037 1286.399780
17.427002 -352.100037 1284.759766
19.067017 -352.100037 1283.669800
21.000000 -352.100037 1283.279785
22.934021 -352.100037 1283.669800
24.573059 -352.100037 1284.759766
25.669006 -352.100037 1286.399780
26.053040 -352.100037 1288.339722
25.669006 -352.100037 1290.269775
24.573059 -352.100037 1291.909790
22.934021 -352.100037 1292.999756
21.000000 -352.100037 1293.389771
0
1
16 0 1 2 3 4 5 6 7 8 9 10 11 12 13 14 15
0
0
-2
40
16.025024 -338.030029 1273.022827
16.025024 -352.030029 1273.022827
11.536835 -338.030029 1275.309692
11.536835 -352.030029 1275.309692
7.975006 -338.030029 1278.871460
7.975006 -352.030029 1278.871460
5.688171 -338.030029 1283.359619
5.688171 -352.030029 1283.359619
4.900177 -338.030029 1288.334839
4.900177 -352.030029 1288.334839
5.688171 -338.030029 1293.310059
5.688171 -352.030029 1293.310059
7.975006 -338.030029 1297.798218
7.975006 -352.030029 1297.798218
11.536835 -338.030029 1301.359985
11.536835 -352.030029 1301.359985
16.024963 -338.030029 1303.646851
16.024963 -352.030029 1303.646851
21.000183 -338.030029 1304.434814
21.000183 -352.030029 1304.434814
25.975342 -338.030029 1303.646851
25.975342 -352.030029 1303.646851
30.463501 -338.030029 1301.359985
30.463501 -352.030029 1301.359985
34.025391 -338.030029 1297.798218
34.025391 -352.030029 1297.798218
36.312195 -338.030029 1293.310059
36.312195 -352.030029 1293.310059
37.100159 -338.030029 1288.334839
37.100159 -352.030029 1288.334839
36.312195 -338.030029 1283.359619
36.312195 -352.030029 1283.359619
34.025391 -338.030029 1278.871460
34.025391 -352.030029 1278.871460
30.463501 -338.030029 1275.309692
30.463501 -352.030029 1275.309692
25.975342 -338.030029 1273.022827
25.975342 -352.030029 1273.022827
21.000183 -338.030029 1272.234863
21.000183 -352.030029 1272.234863
0
21
4 39 1 0 38
4 1 3 2 0
4 3 5 4 2
4 5 7 6 4
4 7 9 8 6
4 9 11 10 8
4 11 13 12 10
4 13 15 14 12
4 15 17 16 14
4 17 19 18 16
4 19 21 20 18
4 21 23 22 20
4 23 25 24 22
4 25 27 26 24
4 27 29 28 26
4 29 31 30 28
4 31 33 32 30
4 33 35 34 32
4 35 37 36 34
4 37 39 38 36
20 39 37 35 33 31 29 27 25 23 21 19 17 15 13 11 9
   7 5 3 1
0
0
6
16
56.401672 -352.100006 1153.664917
54.761658 -352.100006 1152.574951
53.666687 -352.100006 1150.934937
53.281677 -352.100006 1149.004883
53.666687 -352.100006 1147.064941
54.761658 -352.100006 1145.424927
56.401672 -352.100006 1144.334961
58.334656 -352.100006 1143.944946
60.268677 -352.100006 1144.334961
61.907715 -352.100006 1145.424927
63.003662 -352.100006 1147.064941
63.387695 -352.100006 1149.004883
63.003662 -352.100006 1150.934937
61.907715 -352.100006 1152.574951
60.268677 -352.100006 1153.664917
58.334656 -352.100006 1154.054932
0
1
16 0 1 2 3 4 5 6 7 8 9 10 11 12 13 14 15
0
0
-2
40
53.359680 -338.029999 1133.687988
53.359680 -352.029999 1133.687988
48.871460 -338.029999 1135.974854
48.871460 -352.029999 1135.974854
45.309692 -338.029999 1139.536621
45.309692 -352.029999 1139.536621
43.022827 -338.029999 1144.024780
43.022827 -352.029999 1144.024780
42.234863 -338.029999 1149.000000
42.234863 -352.029999 1149.000000
43.022827 -338.029999 1153.975220
43.022827 -352.029999 1153.975220
45.309692 -338.029999 1158.463379
45.309692 -352.029999 1158.463379
48.871460 -338.029999 1162.025146
48.871460 -352.029999 1162.025146
53.359619 -338.029999 1164.312012
53.359619 -352.029999 1164.312012
58.334839 -338.029999 1165.099976
58.334839 -352.029999 1165.099976
63.309998 -338.029999 1164.312012
63.309998 -352.029999 1164.312012
67.798157 -338.029999 1162.025146
67.798157 -352.029999 1162.025146
71.360046 -338.029999 1158.463379
71.360046 -352.029999 1158.463379
73.646851 -338.029999 1153.975220
73.646851 -352.029999 1153.975220
74.434814 -338.029999 1149.000000
74.434814 -352.029999 1149.000000
73.646851 -338.029999 1144.024780
73.646851 -352.029999 1144.024780
71.360046 -338.029999 1139.536621
71.360046 -352.029999 1139.536621
67.798157 -338.029999 1135.974854
67.798157 -352.029999 1135.974854
63.309998 -338.029999 1133.687988
63.309998 -352.029999 1133.687988
58.334839 -338.029999 1132.900024
58.334839 -352.029999 1132.900024
0
21
4 39 1 0 38
4 1 3 2 0
4 3 5 4 2
4 5 7 6 4
4 7 9 8 6
4 9 11 10 8
4 11 13 12 10
4 13 15 14 12
4 15 17 16 14
4 17 19 18 16
4 19 21 20 18
4 21 23 22 20
4 23 25 24 22
4 25 27 26 24
4 27 29 28 26
4 29 31 30 28
4 31 33 32 30
4 33 35 34 32
4 35 37 36 34
4 37 39 38 36
20 39 37 35 33 31 29 27 25 23 21 19 17 15 13 11 9
   7 5 3 1
0
0
-2
40
-29.999847 -352.030060 1183.900146
-29.999847 -338.030060 1183.900146
-25.024689 -352.030060 1184.688110
-25.024689 -338.030060 1184.688110
-20.536530 -352.030060 1186.974976
-20.536530 -338.030060 1186.974976
-16.974640 -352.030060 1190.536743
-16.974640 -338.030060 1190.536743
-14.687805 -352.030060 1195.024902
-14.687805 -338.030060 1195.024902
-13.899841 -352.030060 1200.000122
-13.899841 -338.030060 1200.000122
-14.687805 -352.030060 1204.975342
-14.687805 -338.030060 1204.975342
-16.974640 -352.030060 1209.463501
-16.974640 -338.030060 1209.463501
-20.536530 -352.030060 1213.025269
-20.536530 -338.030060 1213.025269
-25.024689 -352.030060 1215.312134
-25.024689 -338.030060 1215.312134
-29.999847 -352.030060 1216.100098
-29.999847 -338.030060 1216.100098
-34.975037 -352.030060 1215.312134
-34.975037 -338.030060 1215.312134
-39.463196 -352.030060 1213.025269
-39.463196 -338.030060 1213.025269
-43.025024 -352.030060 1209.463501
-43.025024 -338.030060 1209.463501
-45.311859 -352.030060 1204.975342
-45.311859 -338.030060 1204.975342
-46.099854 -352.030060 1200.000122
-46.099854 -338.030060 1200.000122
-45.311859 -352.030060 1195.024902
-45.311859 -338.030060 1195.024902
-43.025024 -352.030060 1190.536743
-43.025024 -338.030060 1190.536743
-39.463196 -352.030060 1186.974976
-39.463196 -338.030060 1186.974976
-34.975006 -352.030060 1184.688110
-34.975006 -338.030060 1184.688110
0
21
4 0 38 39 1
4 38 36 37 39
4 36 34 35 37
4 34 32 33 35
4 32 30 31 33
4 30 28 29 31
4 28 26 27 29
4 26 24 25 27
4 24 22 23 25
4 22 20 21 23
4 20 18 19 21
4 18 16 17 19
4 16 14 15 17
4 14 12 13 15
4 12 10 11 13
4 10 8 9 11
4 8 6 7 9
4 6 4 5 7
4 4 2 3 5
4 2 0 1 3
20 0 2 4 6 8 10 12 14 16 18 20 22 24 26 28 30
   32 34 36 38
0
0
6
16
-30.000031 -352.100067 1205.055054
-28.066010 -352.100067 1204.665039
-26.426971 -352.100067 1203.575073
-25.331024 -352.100067 1201.935059
-24.946991 -352.100067 1200.005005
-25.331024 -352.100067 1198.065063
-26.426971 -352.100067 1196.425049
-28.066010 -352.100067 1195.335083
-30.000031 -352.100067 1194.945068
-31.933014 -352.100067 1195.335083
-33.573029 -352.100067 1196.425049
-34.667999 -352.100067 1198.065063
-35.053009 -352.100067 1200.005005
-34.667999 -352.100067 1201.935059
-33.573029 -352.100067 1203.575073
-31.933014 -352.100067 1204.665039
0
1
16 15 14 13 12 11 10 9 8 7 6 5 4 3 2 1 0
0
0
6
16
109.334656 -352.100067 1242.389771
111.268677 -352.100067 1241.999756
112.907715 -352.100067 1240.909790
114.003662 -352.100067 1239.269775
114.387695 -352.100067 1237.339722
114.003662 -352.100067 1235.399780
112.907715 -352.100067 1233.759766
111.268677 -352.100067 1232.669800
109.334656 -352.100067 1232.279785
107.401672 -352.100067 1232.669800
105.761658 -352.100067 1233.759766
104.666687 -352.100067 1235.399780
104.281677 -352.100067 1237.339722
104.666687 -352.100067 1239.269775
105.761658 -352.100067 1240.909790
107.401672 -352.100067 1241.999756
0
1
16 15 14 13 12 11 10 9 8 7 6 5 4 3 2 1 0
0
0
5
40
-0.006836 277.274567 1222.422729
-14.102783 277.274567 1227.553467
1.207703 270.305359 1225.759644
-12.888245 270.305359 1230.890259
3.099365 264.774567 1230.956787
-10.996552 264.774567 1236.087524
5.482971 261.223602 1237.505737
-8.612885 261.223602 1242.636353
8.125244 260.000000 1244.765259
-5.970551 260.000000 1249.895874
10.767517 261.223602 1252.024780
-3.328217 261.223602 1257.155396
13.151123 264.774567 1258.573730
-0.944550 264.774567 1263.704224
15.042786 270.305359 1263.770874
0.947144 270.305359 1268.901489
16.257324 277.274567 1267.107788
2.161682 277.274567 1272.238281
16.675842 285.000000 1268.257568
2.580200 285.000000 1273.388062
16.257324 292.725433 1267.107788
2.161682 292.725433 1272.238281
15.042786 299.694641 1263.770874
0.947144 299.694641 1268.901489
13.151123 305.225433 1258.573730
-0.944550 305.225433 1263.704224
10.767517 308.776428 1252.024780
-3.328217 308.776428 1257.155396
8.125244 310.000000 1244.765259
-5.970551 310.000000 1249.895874
5.482971 308.776428 1237.505737
-8.612885 308.776398 1242.636353
3.099335 305.225433 1230.956787
-10.996552 305.225433 1236.087524
1.207703 299.694641 1225.759644
-12.888245 299.694641 1230.890259
-0.006836 292.725433 1222.422729
-14.102783 292.725433 1227.553467
-14.521301 285.000000 1226.403687
-0.425323 285.000000 1221.272949
0
21
4 39 38 37 36
4 36 37 35 34
4 34 35 33 32
4 32 33 31 30
4 30 31 29 28
4 28 29 27 26
4 26 27 25 24
4 24 25 23 22
4 22 23 21 20
4 20 21 19 18
4 18 19 17 16
4 16 17 15 14
4 14 15 13 12
4 12 13 11 10
4 10 11 9 8
4 8 9 7 6
4 6 7 5 4
4 4 5 3 2
4 2 3 1 0
4 0 1 38 39
20 38 1 3 5 7 9 11 13 15 17 19 21 23 25 27 29
   31 33 35 37
0
0
5
40
37.197266 285.000000 1324.638672
23.101257 285.000000 1329.769043
22.682739 277.274567 1328.619263
36.778809 277.274567 1323.488892
21.468262 270.305359 1325.282471
35.564270 270.305359 1320.151978
19.576660 264.774567 1320.085205
33.672607 264.774567 1314.954712
17.193054 261.223602 1313.536255
31.289001 261.223602 1308.405884
14.550842 260.000000 1306.276733
28.646729 260.000000 1301.146362
11.908630 261.223572 1299.017212
26.004456 261.223602 1293.886841
9.525055 264.774567 1292.468262
23.620850 264.774567 1287.337891
7.633423 270.305359 1287.270996
21.729187 270.305359 1282.140625
6.418945 277.274567 1283.934204
20.514648 277.274567 1278.803833
6.000458 285.000000 1282.784424
20.096130 285.000000 1277.654053
6.418945 292.725433 1283.934204
20.514648 292.725433 1278.803833
7.633423 299.694641 1287.270996
21.729187 299.694641 1282.140625
9.525055 305.225433 1292.468262
23.620850 305.225433 1287.337891
11.908630 308.776398 1299.017212
26.004456 308.776428 1293.886841
14.550842 310.000000 1306.276733
28.646729 310.000000 1301.146362
17.193054 308.776398 1313.536255
31.289001 308.776398 1308.405884
19.576660 305.225433 1320.085205
33.672607 305.225433 1314.954712
21.468262 299.694641 1325.282471
35.564270 299.694641 1320.151978
22.682739 292.725433 1328.619263
36.778809 292.725433 1323.488892
0
21
4 0 1 2 3
4 3 2 4 5
4 5 4 6 7
4 7 6 8 9
4 9 8 10 11
4 11 10 12 13
4 13 12 14 15
4 15 14 16 17
4 17 16 18 19
4 19 18 20 21
4 21 20 22 23
4 23 22 24 25
4 25 24 26 27
4 27 26 28 29
4 29 28 30 31
4 31 30 32 33
4 33 32 34 35
4 35 34 36 37
4 37 36 38 39
4 39 38 1 0
20 1 38 36 34 32 30 28 26 24 22 20 18 16 14 12 10
   8 6 4 2
0
0
5
40
20.514832 397.274597 1278.803711
6.418762 397.274597 1283.934204
21.729248 390.305389 1282.140625
7.633240 390.305389 1287.270996
23.620850 384.774597 1287.337891
9.524872 384.774597 1292.468262
26.004395 381.223633 1293.886719
11.908447 381.223633 1299.017212
28.646545 380.000031 1301.146362
14.550659 380.000031 1306.276733
31.288696 381.223633 1308.405884
17.192871 381.223633 1313.536255
33.672241 384.774597 1314.954834
19.576477 384.774597 1320.085205
35.563782 390.305389 1320.152100
21.468079 390.305389 1325.282471
36.778259 397.274597 1323.489014
22.682556 397.274597 1328.619263
37.196716 405.000031 1324.638794
23.101074 405.000031 1329.769043
36.778259 412.725464 1323.489014
22.682556 412.725464 1328.619263
35.563782 419.694672 1320.152100
21.468079 419.694672 1325.282471
33.672241 425.225464 1314.954834
19.576477 425.225464 1320.085205
31.288696 428.776459 1308.405884
17.192871 428.776459 1313.536255
28.646545 430.000031 1301.146362
14.550659 430.000031 1306.276733
26.004395 428.776459 1293.886841
11.908447 428.776428 1299.017212
23.620850 425.225464 1287.337891
9.524872 425.225464 1292.468262
21.729248 419.694672 1282.140625
7.633240 419.694672 1287.270996
20.514832 412.725464 1278.803711
6.418762 412.725464 1283.934204
6.000275 405.000031 1282.784424
20.096313 405.000031 1277.653931
0
21
4 39 38 37 36
4 36 37 35 34
4 34 35 33 32
4 32 33 31 30
4 30 31 29 28
4 28 29 27 26
4 26 27 25 24
4 24 25 23 22
4 22 23 21 20
4 20 21 19 18
4 18 19 17 16
4 16 17 15 14
4 14 15 13 12
4 12 13 11 10
4 10 11 9 8
4 8 9 7 6
4 6 7 5 4
4 4 5 3 2
4 2 3 1 0
4 0 1 38 39
20 38 1 3 5 7 9 11 13 15 17 19 21 23 25 27 29
   31 33 35 37
0
0
5
40
16.675598 404.999939 1268.257935
2.579498 404.999939 1273.388184
2.161011 397.274506 1272.238403
16.257141 397.274506 1267.108154
0.946564 390.305298 1268.901611
15.042664 390.305298 1263.771362
-0.944977 384.774506 1263.704346
13.151062 384.774506 1258.574097
-3.328430 381.223541 1257.155273
10.767548 381.223541 1252.025146
-5.970551 379.999939 1249.895752
8.125397 379.999939 1244.765625
-8.612671 381.223511 1242.636230
5.483246 381.223541 1237.505981
-10.996124 384.774506 1236.087158
3.099701 384.774506 1230.957031
-12.887665 390.305298 1230.889893
1.208130 390.305298 1225.759766
-14.102112 397.274506 1227.553101
-0.006348 397.274506 1222.422974
-14.520599 404.999939 1226.403320
-0.424805 404.999939 1221.273193
-14.102112 412.725372 1227.553101
-0.006348 412.725372 1222.422974
-12.887665 419.694580 1230.889893
1.208130 419.694580 1225.759766
-10.996124 425.225372 1236.087158
3.099701 425.225372 1230.957031
-8.612671 428.776337 1242.636230
5.483246 428.776367 1237.505981
-5.970551 429.999939 1249.895752
8.125397 429.999939 1244.765625
-3.328430 428.776337 1257.155273
10.767578 428.776337 1252.025146
-0.944977 425.225372 1263.704346
13.151062 425.225372 1258.574097
0.946564 419.694580 1268.901611
15.042664 419.694580 1263.771362
2.161011 412.725372 1272.238403
16.257141 412.725372 1267.108154
0
21
4 0 1 2 3
4 3 2 4 5
4 5 4 6 7
4 7 6 8 9
4 9 8 10 11
4 11 10 12 13
4 13 12 14 15
4 15 14 16 17
4 17 16 18 19
4 19 18 20 21
4 21 20 22 23
4 23 22 24 25
4 25 24 26 27
4 27 26 28 29
4 29 28 30 31
4 31 30 32 33
4 33 32 34 35
4 35 34 36 37
4 37 36 38 39
4 39 38 1 0
20 1 38 36 34 32 30 28 26 24 22 20 18 16 14 12 10
   8 6 4 2
0
0
-2
66
0.000122 422.000031 1779.500000
0.000092 432.000031 1779.500000
15.509705 432.000031 1777.972412
15.509766 422.000031 1777.972412
30.423279 432.000031 1773.448486
30.423340 422.000031 1773.448486
44.167786 422.000031 1766.101929
56.214905 422.000031 1756.215088
44.167725 432.000031 1766.101929
56.214844 432.000031 1756.215088
66.101685 422.000031 1744.167969
66.101624 432.000031 1744.167969
73.448242 422.000031 1730.423584
73.448181 432.000031 1730.423584
77.972229 422.000061 1715.510010
79.499817 422.000061 1700.000366
77.972168 432.000031 1715.510010
77.972290 422.000061 1684.490723
79.499756 432.000031 1700.000366
73.448303 422.000061 1669.577148
77.972229 432.000031 1684.490723
66.101746 422.000061 1655.832642
73.448242 432.000031 1669.577148
56.214966 422.000061 1643.785522
66.101685 432.000031 1655.832764
56.214905 432.000031 1643.785645
44.167847 422.000061 1633.898682
30.423401 422.000061 1626.552124
44.167847 432.000031 1633.898804
30.423401 432.000031 1626.552246
15.509827 432.000031 1622.028198
15.509827 422.000061 1622.028076
0.000183 422.000061 1620.500488
0.000214 432.000031 1620.500610
-15.509460 422.000061 1622.028076
-15.509399 432.000031 1622.028198
-30.423065 422.000061 1626.552124
-44.167511 422.000061 1633.898682
-30.423004 432.000031 1626.552124
-44.167450 432.000031 1633.898682
-56.214569 432.000031 1643.785522
-56.214630 422.000061 1643.785522
-66.101440 422.000061 1655.832642
-66.101379 432.000031 1655.832642
-73.447937 432.000031 1669.577026
-73.447998 422.000061 1669.577148
-77.971924 432.000031 1684.490601
-77.971985 422.000061 1684.490723
-79.499542 422.000061 1700.000366
-79.499512 432.000031 1700.000244
-77.971954 422.000061 1715.510010
-77.971954 432.000031 1715.509888
-73.447968 432.000031 1730.423462
-73.447937 422.000031 1730.423584
-66.101349 422.000031 1744.167969
-66.101410 432.000031 1744.167969
-56.214600 432.000031 1756.215088
-56.214539 422.000031 1756.215088
-44.167419 422.000031 1766.101929
-44.167480 432.000031 1766.101929
-30.423035 432.000031 1773.448486
-30.422974 422.000031 1773.448486
-15.509430 432.000031 1777.972412
-15.509369 422.000031 1777.972412
0.000244 422.000031 1779.500000
0.000183 432.000031 1779.500000
0
37
3 2 65 1
3 63 0 64
3 64 1 65
3 1 64 0
4 1 0 3 2
4 2 3 5 4
4 4 5 6 8
4 8 6 7 9
4 9 7 10 11
4 11 10 12 13
4 13 12 14 16
4 16 14 15 18
4 18 15 17 20
4 20 17 19 22
4 22 19 21 24
4 24 21 23 25
4 25 23 26 28
4 28 26 27 29
4 29 27 31 30
4 30 31 32 33
4 33 32 34 35
4 35 34 36 38
4 38 36 37 39
4 39 37 41 40
4 40 41 42 43
4 43 42 45 44
4 44 45 47 46
4 46 47 48 49
4 49 48 50 51
4 51 50 53 52
4 52 53 54 55
4 55 54 57 56
4 56 57 58 59
4 59 58 61 60
4 60 61 63 62
4 62 63 64 65
32 41 37 36 34 32 31 27 26 23 21 19 17 15 14 12 10
   7 6 5 3 0 63 61 58 57 54 53 50 48 47 45 42
0
0
-2
11
0.000183 -179.500000 -94.118591
27.542175 -179.500015 -195.040161
-10.620850 -179.500015 -218.890137
-88.352203 -303.000000 -81.188911
-10.620850 -303.000000 -218.890137
27.542175 -303.000000 -195.040161
0.000183 -303.000000 -94.118591
-97.499847 -179.500015 -0.000216
-97.499847 -303.000000 -79.850220
-97.499847 -303.000000 -0.000262
-97.499847 -179.500015 -79.850220
0
5
3 3 9 8
4 1 0 6 5
4 2 1 5 4
4 2 4 8 10
5 7 0 1 2 10
0
0
-2
4
-97.499847 -179.500015 -79.850220
-97.499847 -179.500015 -0.000216
-97.499847 -303.000000 -79.850220
-97.499847 -303.000000 -0.000262
0
1
4 1 0 2 3
0
0
-2
174
-55.254578 -419.999969 374.558014
0.000153 -419.999969 380.000122
-31.942169 -345.000031 676.853821
-8.376495 -393.561676 484.928253
0.000092 -345.000031 679.999878
493.095276 -345.000031 465.889526
480.832153 -345.000031 480.832184
268.700562 -419.999969 268.700439
315.958435 -419.999969 211.116592
400.691833 -394.522949 267.733704
347.111816 -419.999878 152.833298
377.787354 -345.000031 565.398804
211.116699 -419.999969 315.958282
260.224426 -345.000031 628.237427
145.419739 -419.999969 351.074005
132.661255 -345.000031 666.933228
74.134399 -419.999969 372.698151
-97.499847 61.500004 887.319824
-58.863861 61.500004 896.109863
72.722168 61.500004 1355.000000
-8.376923 -393.750031 484.929810
-8.376923 61.500004 484.929810
-97.499908 61.500004 275.099854
-97.499908 -303.000000 275.099854
-55.254120 -420.725891 374.557953
-58.863861 -265.000000 896.109863
478.238159 90.000008 1036.859863
331.522156 90.000008 1400.000000
331.522156 -90.000008 1400.000000
478.238159 -90.000008 1036.859863
508.810181 237.407013 1075.989990
377.899170 237.407013 1400.000000
377.899170 -237.407013 1400.000000
508.810181 -237.407013 1075.989990
492.543335 -225.275955 1055.140137
476.555420 -210.173950 1034.677612
464.948364 -196.889954 1019.822388
453.742798 -181.764954 1005.481262
443.791870 -165.940948 992.746094
430.254639 -139.352951 975.421875
417.810974 -106.391968 959.498230
409.626709 -75.198860 949.026428
404.018433 -40.244755 941.852234
401.820618 -0.085958 939.044067
404.018433 40.072842 941.852234
409.626709 75.026939 949.026428
417.810974 106.220047 959.498230
430.254639 139.181046 975.421875
443.791870 165.769043 992.746094
453.742798 181.593048 1005.481262
464.948364 196.718048 1019.822388
476.555420 210.002045 1034.677612
492.543335 225.104050 1055.140137
325.987183 -208.000015 1400.000000
351.134155 -224.026016 1400.000000
351.134155 224.026016 1400.000000
325.987183 208.000015 1400.000000
85.626160 208.000015 1400.000000
85.626160 -208.000015 1400.000000
189.811157 432.000031 1560.000000
131.505127 432.000031 1560.000000
131.505127 208.000015 1560.000000
189.811157 208.000015 1560.000000
189.811157 -208.000015 1560.000000
131.505127 -208.000015 1560.000000
131.505127 -265.000000 1560.000000
189.811157 -265.000000 1560.000000
289.563171 -208.000015 1490.149902
289.563171 208.000015 1490.149902
219.884460 -300.000000 1791.090820
361.955139 -300.000000 1439.459961
226.595032 -265.000000 1534.242920
136.733093 -265.000000 1756.648315
324.588928 -224.026016 1465.699829
289.675049 -208.071304 1490.149902
361.955139 -237.407013 1439.459961
94.264038 505.000031 1430.125366
72.722168 505.000031 1355.000000
324.625916 224.026016 1465.608276
361.955139 237.407013 1439.459961
361.955139 432.000031 1439.459961
289.588074 207.469055 1490.149902
289.587952 208.015808 1490.149902
361.954773 237.407013 1439.462524
289.674500 -205.626358 1490.149902
361.915588 -237.407013 1439.559570
520.000183 237.407013 1048.289795
520.000183 592.000000 1048.289795
280.555176 592.000000 1640.943604
280.554565 432.000031 1640.941528
520.000122 592.000000 1048.283081
202.939636 432.000031 1497.061035
-133.394958 -345.000031 1503.117798
-133.394958 -265.000000 1503.117798
178.609192 -265.000000 1530.093994
219.846252 -345.000031 1791.074951
520.000122 -345.000031 523.589844
520.000183 -345.000031 1048.289795
520.000183 -237.407013 1048.289795
-97.499847 251.000015 509.999878
-97.499847 505.000031 887.319824
-97.499847 524.106079 750.269775
-97.499847 251.000015 -0.000122
-97.499847 505.000031 1268.619873
-97.499847 592.000000 1268.619873
-97.499847 592.000000 900.429932
-97.499847 590.530029 876.219971
-97.499847 586.141052 852.369873
-97.499847 578.898010 829.229736
-97.499847 568.907043 807.129883
-97.499847 556.315002 786.409668
-97.499847 541.308044 767.359863
-183.279419 505.000031 1480.926636
-183.279419 592.000000 1480.926636
520.000122 266.451019 523.589844
513.660095 251.000015 509.999878
520.000122 524.106079 750.269775
520.000122 -0.085958 646.596252
520.000122 225.104050 987.195251
520.000122 237.318115 1048.290039
508.817078 237.319138 1075.968750
520.000122 210.002045 927.168884
520.000122 196.718048 883.590881
520.000122 181.593048 841.520325
520.000122 165.769043 804.160461
520.000122 139.181046 753.336975
520.000122 106.220047 706.620178
520.000122 75.026939 675.895508
520.000122 40.072842 654.843079
520.000122 505.000031 1048.281128
520.000122 266.460480 523.604309
520.000122 266.463684 523.604309
520.000122 541.308044 767.359863
520.000122 556.315002 786.409668
520.000122 568.907043 807.129883
520.000122 578.898010 829.229736
520.000122 586.141052 852.369873
520.000122 590.530029 876.219971
520.000122 592.000000 900.429932
520.000122 -266.622955 523.589844
520.000122 -210.173950 927.168884
520.000122 -225.275955 987.195251
520.000122 -196.889954 883.590881
520.000122 -181.764954 841.520325
520.000122 -165.940948 804.160461
520.000122 -139.352951 753.336975
520.000122 -106.391968 706.620178
520.000122 -75.198860 675.895508
520.000122 -40.244755 654.843079
520.000122 -266.632416 523.604309
300.000183 251.000015 51.799805
300.000183 -383.000031 51.799805
282.413452 -303.000031 -97.500244
282.413452 251.000000 -97.500244
294.235840 251.000000 -58.527103
294.235840 -303.000000 -58.527103
300.000244 251.000000 0.000000
300.000244 -303.000000 0.000000
0.000183 251.000000 -97.500244
-21.695618 251.000000 -95.055710
-42.303497 251.000000 -87.844704
-60.790131 251.000000 -76.228783
-76.228485 251.000000 -60.790440
-87.844360 251.000000 -42.303886
-95.055359 251.000000 -21.696003
0.000183 -303.000000 -97.500244
300.000183 -383.000031 -0.000122
-21.695648 -303.000000 -95.055710
-42.303528 -303.000000 -87.844696
-60.790131 -303.000000 -76.228790
-76.228455 -303.000000 -60.790466
-87.844360 -303.000000 -42.303867
-95.055359 -303.000000 -21.695984
-97.499878 -303.000000 -0.000184
0
125
3 9 8 10
3 81 68 82
3 84 74 67
3 80 89 91
3 94 25 93
3 75 73 70
3 114 117 139
3 112 103 76
3 18 19 17
3 3 0 1
3 3 1 4
3 2 3 4
3 68 78 62
3 22 17 100
3 100 101 99
3 22 100 99
3 22 99 102
3 140 141 149
3 142 140 149
3 143 142 149
3 144 143 149
3 145 144 149
3 129 119 118
3 123 124 129
3 122 123 129
3 121 122 129
3 118 121 129
3 126 127 114
3 125 126 114
3 128 117 130
3 127 128 130
3 146 145 139
3 147 146 139
3 148 147 149
3 117 148 149
3 115 150 99
3 105 104 138
4 6 11 12 7
4 11 13 14 12
4 13 15 16 14
4 15 4 1 16
4 26 27 28 29
4 30 31 27 26
4 29 28 32 33
4 59 60 61 62
4 63 64 65 66
4 69 70 71 72
4 78 55 31 83
4 85 32 54 73
4 80 79 86 87
4 88 89 80 90
4 17 19 77 100
4 104 103 112 113
4 118 119 120 52
4 121 118 52 51
4 122 121 51 50
4 123 122 50 49
4 124 123 49 48
4 125 124 48 47
4 126 125 47 46
4 127 126 46 45
4 128 127 45 44
4 117 128 44 43
4 111 132 116 101
4 110 133 132 111
4 109 134 133 110
