11
0
0
0
3
-2
48
-949.999817 55.410828 50.000366
-937.058838 55.410828 48.296631
-924.999817 55.410828 43.301636
-914.644470 55.410828 35.355713
-906.698547 55.410828 25.000366
-901.703552 55.410828 12.941284
-899.999817 55.410828 0.000366
-901.703552 55.410828 -12.940552
-906.698547 55.410828 -24.999634
-914.644470 55.410828 -35.354980
-924.999817 55.410828 -43.300903
-937.058838 55.410828 -48.295898
-949.999817 55.410828 -49.999634
-962.940796 55.410828 -48.295898
-974.999817 55.410828 -43.300903
-985.355164 55.410828 -35.354980
-993.301086 55.410828 -24.999634
-998.296082 55.410828 -12.940552
-999.999817 55.410828 0.000366
-998.296082 55.410828 12.941284
-993.301086 55.410828 25.000366
-985.355164 55.410828 35.355713
-974.999817 55.410828 43.301636
-962.940796 55.410828 48.296631
-949.999817 20.886900 50.000366
-937.058838 20.886900 48.296631
-924.999817 20.886900 43.301636
-914.644470 20.886900 35.355713
-906.698547 20.886900 25.000366
-901.703552 20.886900 12.941284
-899.999817 20.886900 0.000366
-901.703552 20.886900 -12.940552
-906.698547 20.886900 -24.999634
-914.644470 20.886900 -35.354980
-924.999817 20.886900 -43.300903
-937.058838 20.886900 -48.295898
-949.999817 20.886900 -49.999634
-962.940796 20.886900 -48.295898
-974.999817 20.886900 -43.300903
-985.355164 20.886900 -35.354980
-993.301086 20.886900 -24.999634
-998.296082 20.886900 -12.940552
-999.999817 20.886900 0.000366
-998.296082 20.886900 12.941284
-993.301086 20.886900 25.000366
-985.355164 20.886900 35.355713
-974.999817 20.886900 43.301636
-962.940796 20.886900 48.296631
0
26
24 47 46 45 44 43 42 41 40 39 38 37 36 35 34 33 32
   31 30 29 28 27 26 25 24
4 0 23 47 24
4 23 22 46 47
4 22 21 45 46
4 21 20 44 45
4 20 19 43 44
4 19 18 42 43
4 18 17 41 42
4 17 16 40 41
4 16 15 39 40
4 15 14 38 39
4 14 13 37 38
4 13 12 36 37
4 12 11 35 36
4 11 10 34 35
4 10 9 33 34
4 9 8 32 33
4 8 7 31 32
4 7 6 30 31
4 6 5 29 30
4 5 4 28 29
4 4 3 27 28
4 3 2 26 27
4 2 1 25 26
4 1 0 24 25
24 0 1 2 3 4 5 6 7 8 9 10 11 12 13 14 15
   16 17 18 19 20 21 22 23
0
0
-2
8
-906.698547 53.782829 -24.999634
-43.301147 53.782829 -24.999634
-906.698547 53.782829 25.000366
-43.301147 53.782829 25.000366
-906.698547 22.532829 -24.999634
-906.698547 22.532829 25.000366
-43.301147 22.532829 25.000366
-43.301147 22.532829 -24.999634
0
4
4 1 7 4 0
4 6 3 2 5
4 6 5 4 7
4 1 0 2 3
0
0
-2
48
-12.940674 -13.689171 48.296631
-24.999756 -13.689171 43.301636
-35.355103 -13.689171 35.355713
-43.301025 -13.689171 25.000366
-48.296021 -13.689171 12.941284
-49.999756 -13.689171 0.000366
-48.296021 -13.689171 -12.940552
-43.301025 -13.689171 -24.999634
-35.355103 -13.689171 -35.354980
-24.999756 -13.689171 -43.300903
-12.940674 -13.689171 -48.295898
0.000244 -13.689171 -49.999634
12.941162 -13.689171 -48.295898
25.000244 -13.689171 -43.300903
35.355591 -13.689171 -35.354980
43.301514 -13.689171 -24.999634
48.296509 -13.689171 -12.940552
50.000244 -13.689171 0.000366
48.296509 -13.689171 12.941284
43.301514 -13.689171 25.000366
35.355591 -13.689171 35.355713
25.000244 -13.689171 43.301636
12.941162 -13.689171 48.296631
0.000244 -13.689171 50.000366
-12.940674 86.310829 48.296631
-24.999756 86.310829 43.301636
-35.355103 86.310829 35.355713
-43.301025 86.310829 25.000366
-48.296021 86.310829 12.941284
-49.999756 86.310829 0.000366
-48.296021 86.310829 -12.940552
-43.301025 86.310829 -24.999634
-35.355103 86.310829 -35.354980
-24.999756 86.310829 -43.300903
-12.940674 86.310829 -48.295898
0.000244 86.310829 -49.999634
12.941162 86.310829 -48.295898
25.000244 86.310829 -43.300903
35.355591 86.310829 -35.354980
43.301514 86.310829 -24.999634
48.296509 86.310829 -12.940552
50.000244 86.310829 0.000366
48.296509 86.310829 12.941284
43.301514 86.310829 25.000366
35.355591 86.310829 35.355713
25.000244 86.310829 43.301636
12.941162 86.310829 48.296631
0.000244 86.310829 50.000366
0
26
24 0 1 2 3 4 5 6 7 8 9 10 11 12 13 14 15
   16 17 18 19 20 21 22 23
4 47 24 0 23
4 24 25 1 0
4 25 26 2 1
4 26 27 3 2
4 27 28 4 3
4 28 29 5 4
4 29 30 6 5
4 30 31 7 6
4 31 32 8 7
4 32 33 9 8
4 33 34 10 9
4 34 35 11 10
4 35 36 12 11
4 36 37 13 12
4 37 38 14 13
4 38 39 15 14
4 39 40 16 15
4 40 41 17 16
4 41 42 18 17
4 42 43 19 18
4 43 44 20 19
4 44 45 21 20
4 45 46 22 21
4 46 47 23 22
24 47 46 45 44 43 42 41 40 39 38 37 36 35 34 33 32
   31 30 29 28 27 26 25 24
0
0
