11
1
1.000000 0.000000 0.000000
0.000000 1.000000 0.000000
0.000000 0.000000 1.000000
220.005371 72.500198 0.000000
0
0
6
-2
36
14.367188 0.000000 -85.868698
14.367188 -29.368898 -80.690178
14.367188 -55.195316 -65.779236
14.367188 -74.364502 -42.934345
14.367188 -84.564209 -14.910945
14.367188 -84.564209 14.910936
14.367188 -74.364502 42.934341
14.367188 -55.195316 65.779243
14.367188 -29.368898 80.690186
14.367188 0.000000 85.868698
14.367188 29.368895 80.690186
14.367188 55.195309 65.779243
14.367188 74.364502 42.934357
14.367188 84.564209 14.910941
14.367188 84.564209 -14.910950
14.367188 74.364502 -42.934349
14.367188 55.195309 -65.779243
14.367188 29.368895 -80.690186
0.000000 0.000000 -85.868698
0.000000 29.368895 -80.690186
0.000000 55.195309 -65.779243
0.000000 74.364502 -42.934349
0.000000 84.564209 -14.910950
0.000000 84.564209 14.910941
0.000000 74.364502 42.934357
0.000000 55.195309 65.779243
0.000000 29.368895 80.690186
0.000000 0.000000 85.868698
0.000000 -29.368898 80.690186
0.000000 -55.195316 65.779243
0.000000 -74.364502 42.934341
0.000000 -84.564209 14.910936
0.000000 -84.564209 -14.910945
0.000000 -74.364502 -42.934345
0.000000 -55.195316 -65.779236
0.000000 -29.368898 -80.690178
0
20
18 0 17 16 15 14 13 12 11 10 9 8 7 6 5 4 3
   2 1
4 0 1 35 18
4 1 2 34 35
4 2 3 33 34
4 3 4 32 33
4 4 5 31 32
4 5 6 30 31
4 6 7 29 30
4 7 8 28 29
4 8 9 27 28
4 9 10 26 27
4 10 11 25 26
4 11 12 24 25
4 12 13 23 24
4 13 14 22 23
4 14 15 21 22
4 15 16 20 21
4 16 17 19 20
4 17 0 18 19
18 18 35 34 33 32 31 30 29 28 27 26 25 24 23 22 21
   20 19
0
0
-2
36
111.370117 -4.149660 -77.035202
121.370117 -4.149660 -77.035202
111.370117 -30.497316 -72.389404
121.370117 -30.497316 -72.389404
111.370117 -53.666996 -59.012379
121.370117 -53.666996 -59.012379
111.370117 -70.864014 -38.517593
121.370117 -70.864014 -38.517593
111.370117 -80.014404 -13.377024
121.370117 -80.014404 -13.377024
111.370117 -80.014648 13.377016
121.370117 -80.014648 13.377016
111.370117 -70.864014 38.517593
121.370117 -70.864014 38.517593
111.370117 -53.666996 59.012390
121.370117 -53.666996 59.012390
111.370117 -30.497316 72.389412
121.370117 -30.497316 72.389412
111.370117 -4.149660 77.035202
121.370117 -4.149660 77.035202
111.370117 22.197996 72.389412
121.370117 22.197996 72.389412
111.370117 45.367672 59.012386
121.370117 45.367672 59.012386
111.370117 62.564693 38.517605
121.370117 62.564693 38.517605
111.370117 71.715088 13.377020
121.370117 71.715088 13.377020
111.370117 71.715088 -13.377029
121.370117 71.715088 -13.377029
111.370117 62.564693 -38.517597
121.370117 62.564693 -38.517597
111.370117 45.367672 -59.012390
121.370117 45.367672 -59.012390
111.370117 22.197996 -72.389412
121.370117 22.197996 -72.389412
0
20
4 0 34 35 1
4 34 32 33 35
4 32 30 31 33
4 30 28 29 31
4 28 26 27 29
4 26 24 25 27
4 24 22 23 25
4 22 20 21 23
4 20 18 19 21
4 18 16 17 19
4 16 14 15 17
4 14 12 13 15
4 12 10 11 13
4 10 8 9 11
4 8 6 7 9
4 6 4 5 7
4 4 2 3 5
4 2 0 1 3
18 0 2 4 6 8 10 12 14 16 18 20 22 24 26 28 30
   32 34
18 1 35 33 31 29 27 25 23 21 19 17 15 13 11 9 7
   5 3
0
0
-2
36
14.367188 0.000000 -50.513737
111.370117 0.000000 -50.513737
14.367188 -17.276613 -47.467381
111.370117 -17.276613 -47.467381
14.367188 -32.469730 -38.695763
111.370117 -32.469730 -38.695763
14.367188 -43.746098 -25.256866
111.370117 -43.746098 -25.256866
14.367188 -49.746342 -8.771620
111.370117 -49.746342 -8.771620
14.367188 -49.746342 8.771613
111.370117 -49.746342 8.771613
14.367188 -43.746098 25.256861
111.370117 -43.746098 25.256861
14.367188 -32.469486 38.695770
111.370117 -32.469486 38.695770
14.367188 -17.276613 47.467384
111.370117 -17.276613 47.467384
14.367188 0.000000 50.513737
111.370117 0.000000 50.513737
14.367188 17.276609 47.467384
111.370117 17.276609 47.467384
14.367188 32.469723 38.695766
111.370117 32.469723 38.695766
14.367188 43.746090 25.256868
111.370117 43.746090 25.256868
14.367188 49.746334 8.771616
111.370117 49.746334 8.771616
14.367188 49.746334 -8.771623
111.370117 49.746334 -8.771623
14.367188 43.746090 -25.256868
111.370117 43.746090 -25.256868
14.367188 32.469723 -38.695766
111.370117 32.469723 -38.695766
14.367188 17.276609 -47.467384
111.370117 17.276609 -47.467384
0
18
4 0 34 35 1
4 34 32 33 35
4 32 30 31 33
4 30 28 29 31
4 28 26 27 29
4 26 24 25 27
4 24 22 23 25
4 22 20 21 23
4 20 18 19 21
4 18 16 17 19
4 16 14 15 17
4 14 12 13 15
4 12 10 11 13
4 10 8 9 11
4 8 6 7 9
4 6 4 5 7
4 4 2 3 5
4 2 0 1 3
0
0
-2
10
283.768494 28.871351 -56.999996
195.494629 -59.402439 -56.999996
283.768494 28.871351 57.000004
195.494629 -59.402439 57.000004
283.768494 58.596859 -56.999996
283.768494 58.596859 57.000004
158.962036 -59.402439 57.000004
158.962036 -59.402439 -56.999996
158.962036 58.596859 -56.999996
158.962036 58.596859 57.000004
0
7
4 9 8 7 6
4 8 9 5 4
5 3 2 5 9 6
4 3 6 7 1
4 5 2 0 4
5 1 7 8 4 0
4 0 2 3 1
0
0
-2
36
310.360962 55.598370 31.250095
310.360962 72.099869 31.250095
294.494873 55.598370 58.730965
294.494873 72.099869 58.730965
270.186584 55.598370 79.128021
270.186584 72.099869 79.128021
240.368103 55.598370 89.981064
240.368103 72.099869 89.981064
208.635925 55.598370 89.981064
208.635925 72.099869 89.981064
178.817444 55.598370 79.128014
178.817444 72.099869 79.128014
154.509155 55.598370 58.730965
154.509155 72.099869 58.730965
138.643066 55.598370 31.250103
138.643066 72.099869 31.250103
133.132874 55.598370 0.000000
133.132874 72.099869 0.000000
138.643066 55.598370 -31.250090
138.643066 72.099869 -31.250090
154.509155 55.598370 -58.730953
154.509155 72.099869 -58.730953
178.817444 55.598370 -79.128006
178.817444 72.099869 -79.128006
208.635925 55.598370 -89.981049
208.635925 72.099869 -89.981049
240.368103 55.598370 -89.981049
240.368103 72.099869 -89.981049
270.186584 55.598370 -79.128006
270.186584 72.099869 -79.128006
294.494873 55.598370 -58.730968
294.494873 72.099869 -58.730968
310.360962 55.598370 -31.250109
310.360962 72.099869 -31.250109
315.871155 55.598370 0.000000
315.871155 72.099869 0.000000
0
20
4 35 1 0 34
4 1 3 2 0
4 3 5 4 2
4 5 7 6 4
4 7 9 8 6
4 9 11 10 8
4 11 13 12 10
4 13 15 14 12
4 15 17 16 14
4 17 19 18 16
4 19 21 20 18
4 21 23 22 20
4 23 25 24 22
4 25 27 26 24
4 27 29 28 26
4 29 31 30 28
4 31 33 32 30
4 33 35 34 32
18 35 33 31 29 27 25 23 21 19 17 15 13 11 9 7 5
   3 1
18 34 0 2 4 6 8 10 12 14 16 18 20 22 24 26 28
   30 32
0
0
-2
36
161.568420 21.928953 -71.651695
121.371094 21.928953 -71.651695
161.568420 44.862514 -58.411003
121.371094 44.862514 -58.411003
161.568420 61.884441 -38.125069
121.371094 61.884441 -38.125069
161.568420 70.941605 -13.240699
121.371094 70.941605 -13.240699
161.568420 70.941605 13.240704
121.371094 70.941605 13.240704
161.568420 61.884441 38.125084
121.371094 61.884441 38.125084
161.568420 44.862514 58.411011
121.371094 44.862514 58.411011
161.568420 21.928968 71.651711
121.371094 21.928968 71.651711
161.568420 -4.150148 76.250160
121.371094 -4.150148 76.250160
161.568420 -30.229219 71.651711
121.371094 -30.229219 71.651711
161.568420 -53.162785 58.411011
121.371094 -53.162785 58.411011
161.568420 -70.184708 38.125072
121.371094 -70.184708 38.125072
161.568420 -79.241875 13.240701
121.371094 -79.241875 13.240701
161.568420 -79.241875 -13.240694
121.371094 -79.241875 -13.240694
161.568420 -70.184708 -38.125065
121.371094 -70.184708 -38.125065
161.568420 -53.162800 -58.410995
121.371094 -53.162800 -58.410995
161.568420 -30.229235 -71.651695
121.371094 -30.229235 -71.651695
161.568420 -4.150148 -76.250145
121.371094 -4.150148 -76.250145
0
19
4 35 1 0 34
4 1 3 2 0
4 3 5 4 2
4 5 7 6 4
4 7 9 8 6
4 9 11 10 8
4 11 13 12 10
4 13 15 14 12
4 15 17 16 14
4 17 19 18 16
4 19 21 20 18
4 21 23 22 20
4 23 25 24 22
4 25 27 26 24
4 27 29 28 26
4 29 31 30 28
4 31 33 32 30
4 33 35 34 32
18 34 0 2 4 6 8 10 12 14 16 18 20 22 24 26 28
   30 32
0
0
