10
1
-1.000000 0.000000 0.000000
0.000000 -1.000000 0.000000
0.000000 0.000000 1.000000
0.000000 -0.000001 200.000000
0
0
3
6
36
-71.564163 26.047243 175.000000
-71.564163 26.047243 160.000000
-58.339638 48.952785 175.000000
-58.339638 48.952785 160.000000
-38.078491 65.953896 175.000000
-38.078491 65.953896 160.000000
-13.224523 75.000000 175.000000
-13.224523 75.000000 160.000000
13.224521 75.000000 175.000000
13.224521 75.000000 160.000000
38.078491 65.953896 175.000000
38.078491 65.953896 160.000000
58.339649 48.952770 175.000000
58.339649 48.952770 160.000000
71.564171 26.047228 175.000000
71.564171 26.047228 160.000000
76.156998 0.000000 175.000000
76.156998 0.000000 160.000000
71.564163 -26.047234 175.000000
71.564163 -26.047234 160.000000
58.339645 -48.952774 175.000000
58.339645 -48.952774 160.000000
38.078503 -65.953896 175.000000
38.078503 -65.953896 160.000000
13.224524 -75.000000 175.000000
13.224524 -75.000000 160.000000
-13.224527 -75.000000 175.000000
-13.224527 -75.000000 160.000000
-38.078495 -65.953896 175.000000
-38.078495 -65.953896 160.000000
-58.339645 -48.952774 175.000000
-58.339645 -48.952774 160.000000
-76.156998 0.000000 175.000000
-71.564171 -26.047226 175.000000
-71.564171 -26.047226 160.000000
-76.156998 0.000000 160.000000
0
19
4 35 34 33 32
4 34 31 30 33
4 31 29 28 30
4 29 27 26 28
4 27 25 24 26
4 25 23 22 24
4 23 21 20 22
4 21 19 18 20
4 19 17 16 18
4 17 15 14 16
4 15 13 12 14
4 13 11 10 12
4 11 9 8 10
4 9 7 6 8
4 7 5 4 6
4 5 3 2 4
4 3 1 0 2
4 1 35 32 0
18 32 33 30 28 26 24 22 20 18 16 14 12 10 8 6 4
   2 0
0
6
36
-55.848465 0.000000 175.000000
-55.848465 0.000000 200.000000
-52.480385 19.101313 175.000000
-52.480385 19.101313 200.000000
-42.782402 35.898708 175.000000
-42.782402 35.898708 200.000000
-27.924229 48.366192 175.000000
-27.924229 48.366192 200.000000
-9.697983 55.000000 175.000000
-9.697983 55.000000 200.000000
9.697982 55.000000 175.000000
9.697982 55.000000 200.000000
27.924227 48.366192 175.000000
27.924227 48.366192 200.000000
42.782410 35.898701 175.000000
42.782410 35.898701 200.000000
52.480389 19.101301 175.000000
52.480389 19.101301 200.000000
55.848465 0.000000 175.000000
55.848465 0.000000 200.000000
52.480389 -19.101305 175.000000
52.480389 -19.101305 200.000000
42.782406 -35.898701 175.000000
42.782406 -35.898701 200.000000
27.924234 -48.366188 175.000000
27.924234 -48.366188 200.000000
9.697985 -55.000000 175.000000
9.697985 -55.000000 200.000000
-9.697987 -55.000000 175.000000
-9.697987 -55.000000 200.000000
-27.924231 -48.366192 175.000000
-27.924231 -48.366192 200.000000
-42.782406 -35.898701 175.000000
-42.782406 -35.898701 200.000000
-52.480392 -19.101299 175.000000
-52.480392 -19.101299 200.000000
0
19
4 0 34 35 1
4 34 32 33 35
4 32 30 31 33
4 30 28 29 31
4 28 26 27 29
4 26 24 25 27
4 24 22 23 25
4 22 20 21 23
4 20 18 19 21
4 18 16 17 19
4 16 14 15 17
4 14 12 13 15
4 12 10 11 13
4 10 8 9 11
4 8 6 7 9
4 6 4 5 7
4 4 2 3 5
4 2 0 1 3
18 1 35 33 31 29 27 25 23 21 19 17 15 13 11 9 7
   5 3
0
-2
36
-76.156998 0.000000 160.000000
-76.156998 0.000000 140.000000
-71.564171 -26.047226 140.000000
-71.564171 -26.047226 160.000000
-58.339645 -48.952774 140.000000
-58.339645 -48.952774 160.000000
-38.078495 -65.953896 140.000000
-38.078495 -65.953896 160.000000
-13.224527 -75.000000 140.000000
-13.224527 -75.000000 160.000000
13.224524 -75.000000 140.000000
13.224524 -75.000000 160.000000
38.078503 -65.953896 140.000000
38.078503 -65.953896 160.000000
58.339645 -48.952774 140.000000
58.339645 -48.952774 160.000000
71.564163 -26.047234 140.000000
71.564163 -26.047234 160.000000
76.156998 0.000000 140.000000
76.156998 0.000000 160.000000
71.564171 26.047228 140.000000
71.564171 26.047228 160.000000
58.339649 48.952770 140.000000
58.339649 48.952770 160.000000
38.078491 65.953896 140.000000
38.078491 65.953896 160.000000
13.224521 75.000000 140.000000
13.224521 75.000000 160.000000
-13.224523 75.000000 140.000000
-13.224523 75.000000 160.000000
-38.078491 65.953896 140.000000
-38.078491 65.953896 160.000000
-58.339638 48.952785 140.000000
-58.339638 48.952785 160.000000
-71.564163 26.047243 140.000000
-71.564163 26.047243 160.000000
0
19
4 0 1 2 3
4 3 2 4 5
4 5 4 6 7
4 7 6 8 9
4 9 8 10 11
4 11 10 12 13
4 13 12 14 15
4 15 14 16 17
4 17 16 18 19
4 19 18 20 21
4 21 20 22 23
4 23 22 24 25
4 25 24 26 27
4 27 26 28 29
4 29 28 30 31
4 31 30 32 33
4 33 32 34 35
4 35 34 1 0
18 32 30 28 26 24 22 20 18 16 14 12 10 8 6 4 2
   1 34
0
