10
1
1.000000 0.000000 0.000000
0.000000 1.000000 0.000000
0.000000 0.000000 1.000000
100.000000 0.000000 0.000000
0
0
13
-2
4
-220.000000 35.000000 -610.000000
-220.000000 34.999992 -490.000000
-220.000000 -35.000008 -490.000000
-220.000000 -35.000000 -610.000000
0
1
4 3 2 1 0
0
-2
8
-220.000000 -35.000000 -610.000000
-220.000000 35.000000 -610.000000
-220.000000 34.999992 -490.000000
-220.000000 -35.000008 -490.000000
-150.000000 50.000000 -610.000000
-150.000000 49.999989 -470.000000
-150.000000 -50.000011 -470.000000
-150.000000 -50.000000 -610.000000
0
3
4 3 6 5 2
4 2 5 4 1
4 0 7 6 3
0
-2
36
238.547195 86.824089 -610.000000
238.547211 86.824089 -630.000000
194.465454 163.175919 -610.000000
194.465454 163.175919 -630.000000
126.928299 219.846313 -610.000000
126.928299 219.846313 -630.000000
44.081734 250.000000 -610.000000
44.081734 250.000000 -630.000000
-44.081772 250.000000 -610.000000
-44.081772 250.000000 -630.000000
-126.928375 219.846313 -610.000000
-126.928375 219.846313 -630.000000
-194.465515 163.175919 -610.000000
-194.465515 163.175919 -630.000000
-238.547241 86.824112 -610.000000
-238.547241 86.824112 -630.000000
-253.856689 0.000000 -610.000000
-253.856689 0.000000 -630.000000
-238.547241 -86.824097 -610.000000
-238.547241 -86.824097 -630.000000
-194.465515 -163.175903 -610.000000
-194.465515 -163.175903 -630.000000
-126.928329 -219.846329 -610.000000
-126.928329 -219.846329 -630.000000
-44.081757 -250.000015 -610.000000
-44.081757 -250.000015 -630.000000
44.081718 -250.000000 -610.000000
44.081718 -250.000000 -630.000000
126.928284 -219.846329 -610.000000
126.928284 -219.846329 -630.000000
194.465424 -163.175949 -610.000000
194.465424 -163.175949 -630.000000
238.547180 -86.824150 -610.000000
238.547180 -86.824150 -630.000000
253.856628 0.000000 -610.000000
253.856628 0.000000 -630.000000
0
19
4 35 1 0 34
4 1 3 2 0
4 3 5 4 2
4 5 7 6 4
4 7 9 8 6
4 9 11 10 8
4 11 13 12 10
4 13 15 14 12
4 15 17 16 14
4 17 19 18 16
4 19 21 20 18
4 21 23 22 20
4 23 25 24 22
4 25 27 26 24
4 27 29 28 26
4 29 31 30 28
4 31 33 32 30
4 33 35 34 32
18 34 0 2 4 6 8 10 12 14 16 18 20 22 24 26 28
   30 32
0
-2
48
66.063179 115.000000 126.653900
62.147392 125.000000 141.267822
34.439110 115.000000 113.554787
26.874390 125.000000 126.657257
7.282906 115.000000 92.717094
-3.415222 125.000000 103.415207
-13.554787 115.000000 65.560875
-26.657257 125.000000 73.125595
-26.653893 115.000000 33.936813
-41.267807 125.000000 37.852596
-31.121765 115.000000 0.000000
-46.251190 125.000000 0.000000
-26.653893 115.000000 -33.936810
-41.267807 125.000000 -37.852592
-13.554764 115.000000 -65.560890
-26.657242 125.000000 -73.125603
7.282921 115.000000 -92.717079
-3.415207 125.000000 -103.415215
34.439125 115.000000 -113.554764
26.874405 125.000000 -126.657242
66.063187 115.000000 -126.653885
62.147404 125.000000 -141.267792
100.000000 115.000000 -131.121750
100.000000 125.000000 -146.251175
133.936829 115.000000 -126.653877
137.852615 125.000000 -141.267792
165.560883 115.000000 -113.554764
173.125610 125.000000 -126.657227
192.717087 115.000000 -92.717072
203.415222 125.000000 -103.415199
213.554794 115.000000 -65.560844
226.657257 125.000000 -73.125557
226.653900 115.000000 -33.936779
241.267807 125.000000 -37.852558
231.121765 115.000000 0.000000
246.251190 125.000000 0.000000
226.653900 115.000000 33.936829
241.267807 125.000000 37.852615
213.554779 115.000000 65.560890
226.657257 125.000000 73.125610
192.717102 115.000000 92.717094
203.415222 125.000000 103.415222
165.560898 115.000000 113.554779
173.125610 125.000000 126.657257
133.936768 115.000000 126.653915
137.852554 125.000000 141.267838
100.000000 115.000000 131.121780
100.000000 125.000000 146.251205
0
25
4 47 1 0 46
4 1 3 2 0
4 3 5 4 2
4 5 7 6 4
4 7 9 8 6
4 9 11 10 8
4 11 13 12 10
4 13 15 14 12
4 15 17 16 14
4 17 19 18 16
4 19 21 20 18
4 21 23 22 20
4 23 25 24 22
4 25 27 26 24
4 27 29 28 26
4 29 31 30 28
4 31 33 32 30
4 33 35 34 32
4 35 37 36 34
4 37 39 38 36
4 39 41 40 38
4 41 43 42 40
4 43 45 44 42
4 45 47 46 44
24 46 0 2 4 6 8 10 12 14 16 18 20 22 24 26 28
   30 32 34 36 38 40 42 44
0
-2
48
100.000000 -125.000023 146.251190
100.000000 -115.000023 131.121765
62.147438 -125.000023 141.267822
66.063217 -115.000023 126.653900
26.874374 -125.000023 126.657234
34.439095 -115.000015 113.554764
-3.415230 -125.000015 103.415199
7.282898 -115.000015 92.717072
-26.657257 -125.000008 73.125587
-13.554779 -115.000008 65.560867
-41.267807 -125.000008 37.852589
-26.653900 -115.000008 33.936806
-46.251190 -125.000000 0.000000
-31.121765 -115.000000 0.000000
-41.267807 -124.999992 -37.852585
-26.653900 -114.999992 -33.936802
-26.657257 -124.999992 -73.125580
-13.554787 -114.999992 -65.560867
-3.415207 -124.999985 -103.415222
7.282921 -114.999985 -92.717094
26.874405 -124.999977 -126.657249
34.439117 -114.999985 -113.554779
62.147400 -124.999977 -141.267807
66.063187 -114.999977 -126.653893
100.000000 -124.999977 -146.251190
100.000000 -114.999977 -131.121765
137.852600 -124.999977 -141.267807
133.936829 -114.999977 -126.653893
173.125610 -124.999977 -126.657249
165.560883 -114.999985 -113.554771
203.415222 -124.999985 -103.415215
192.717087 -114.999985 -92.717087
226.657257 -124.999992 -73.125603
213.554779 -114.999992 -65.560890
241.267807 -124.999992 -37.852592
226.653900 -114.999992 -33.936810
246.251190 -125.000000 0.000000
231.121765 -115.000000 0.000000
241.267807 -125.000008 37.852596
226.653900 -115.000008 33.936813
226.657257 -125.000008 73.125595
213.554779 -115.000008 65.560875
203.415222 -125.000015 103.415207
192.717087 -115.000015 92.717087
173.125610 -125.000023 126.657249
165.560883 -115.000015 113.554779
137.852600 -125.000023 141.267807
133.936813 -115.000023 126.653893
0
25
4 0 46 47 1
4 46 44 45 47
4 44 42 43 45
4 42 40 41 43
4 40 38 39 41
4 38 36 37 39
4 36 34 35 37
4 34 32 33 35
4 32 30 31 33
4 30 28 29 31
4 28 26 27 29
4 26 24 25 27
4 24 22 23 25
4 22 20 21 23
4 20 18 19 21
4 18 16 17 19
4 16 14 15 17
4 14 12 13 15
4 12 10 11 13
4 10 8 9 11
4 8 6 7 9
4 6 4 5 7
4 4 2 3 5
4 2 0 1 3
24 1 47 45 43 41 39 37 35 33 31 29 27 25 23 21 19
   17 15 13 11 9 7 5 3
0
-2
48
100.000000 125.000000 146.251190
137.852600 125.000000 141.267807
137.852600 215.000000 141.267807
100.000000 215.000000 146.251190
173.125610 125.000000 126.657249
173.125610 215.000000 126.657249
203.415222 125.000000 103.415207
203.415222 215.000000 103.415207
226.657257 125.000000 73.125595
226.657257 215.000000 73.125595
241.267807 125.000000 37.852596
241.267807 215.000000 37.852596
246.251190 125.000000 0.000000
246.251190 215.000000 0.000000
241.267807 125.000000 -37.852592
241.267807 215.000000 -37.852592
226.657257 125.000000 -73.125603
226.657257 215.000000 -73.125603
203.415222 125.000000 -103.415215
203.415222 215.000000 -103.415215
173.125610 125.000000 -126.657249
173.125610 215.000000 -126.657249
137.852600 125.000000 -141.267807
137.852600 215.000000 -141.267807
100.000000 125.000000 -146.251190
100.000000 215.000000 -146.251190
62.147400 125.000000 -141.267807
62.147400 215.000000 -141.267807
26.874405 125.000000 -126.657249
26.874405 215.000000 -126.657249
-3.415207 125.000000 -103.415222
-3.415207 215.000000 -103.415222
-26.657257 125.000000 -73.125580
-26.657257 215.000000 -73.125580
-41.267807 125.000000 -37.852585
-41.267807 215.000000 -37.852585
-46.251190 125.000000 0.000000
-46.251190 215.000000 0.000000
-41.267807 125.000000 37.852589
-41.267807 215.000000 37.852589
-26.657257 125.000000 73.125587
-26.657257 215.000000 73.125587
-3.415230 125.000000 103.415199
-3.415230 215.000000 103.415199
26.874374 125.000000 126.657234
26.874374 215.000000 126.657234
62.147438 125.000000 141.267822
62.147438 215.000000 141.267822
0
24
4 0 1 2 3
4 1 4 5 2
4 4 6 7 5
4 6 8 9 7
4 8 10 11 9
4 10 12 13 11
4 12 14 15 13
4 14 16 17 15
4 16 18 19 17
4 18 20 21 19
4 20 22 23 21
4 22 24 25 23
4 24 26 27 25
4 26 28 29 27
4 28 30 31 29
4 30 32 33 31
4 32 34 35 33
4 34 36 37 35
4 36 38 39 37
4 38 40 41 39
4 40 42 43 41
4 42 44 45 43
4 44 46 47 45
4 46 0 3 47
0
-2
48
100.000000 -125.000000 146.251190
100.000000 -215.000000 146.251190
137.852600 -215.000000 141.267807
137.852600 -125.000000 141.267807
173.125610 -215.000000 126.657249
173.125610 -125.000000 126.657249
203.415222 -215.000000 103.415207
203.415222 -125.000000 103.415207
226.657257 -215.000000 73.125595
226.657257 -125.000000 73.125595
241.267807 -215.000000 37.852596
241.267807 -125.000000 37.852596
246.251190 -215.000000 0.000000
246.251190 -125.000000 0.000000
241.267807 -215.000000 -37.852592
241.267807 -125.000000 -37.852592
226.657257 -215.000000 -73.125603
226.657257 -125.000000 -73.125603
203.415222 -215.000000 -103.415215
203.415222 -125.000000 -103.415215
173.125610 -215.000000 -126.657249
173.125610 -125.000000 -126.657249
137.852600 -215.000000 -141.267807
137.852600 -125.000000 -141.267807
100.000000 -215.000000 -146.251190
100.000000 -125.000000 -146.251190
62.147400 -215.000000 -141.267807
62.147400 -125.000000 -141.267807
26.874405 -215.000000 -126.657249
26.874405 -125.000000 -126.657249
-3.415207 -215.000000 -103.415222
-3.415207 -125.000000 -103.415222
-26.657257 -215.000000 -73.125580
-26.657257 -125.000000 -73.125580
-41.267807 -215.000000 -37.852585
-41.267807 -125.000000 -37.852585
-46.251190 -215.000000 0.000000
-46.251190 -125.000000 0.000000
-41.267807 -215.000000 37.852589
-41.267807 -125.000000 37.852589
-26.657257 -215.000000 73.125587
-26.657257 -125.000000 73.125587
-3.415230 -215.000000 103.415199
-3.415230 -125.000000 103.415199
26.874374 -215.000000 126.657234
26.874374 -125.000000 126.657234
62.147438 -215.000000 141.267822
62.147438 -125.000000 141.267822
0
24
4 0 1 2 3
4 3 2 4 5
4 5 4 6 7
4 7 6 8 9
4 9 8 10 11
4 11 10 12 13
4 13 12 14 15
4 15 14 16 17
4 17 16 18 19
4 19 18 20 21
4 21 20 22 23
4 23 22 24 25
4 25 24 26 27
4 27 26 28 29
4 29 28 30 31
4 31 30 32 33
4 33 32 34 35
4 35 34 36 37
4 37 36 38 39
4 39 38 40 41
4 41 40 42 43
4 43 42 44 45
4 45 44 46 47
4 47 46 1 0
0
-2
42
245.000000 130.000000 -450.000000
-150.000000 130.000000 -610.000000
245.000000 130.000000 0.000000
245.000000 130.000000 -410.000000
245.000000 -129.999985 0.000000
245.000000 -130.000000 -450.000000
-150.000000 -130.000000 -396.512665
-46.251205 -130.000000 0.000000
245.000015 -130.000000 -410.000000
-46.251205 -130.000000 -300.000000
-46.251205 130.000000 -300.000000
-46.251205 130.000000 0.000000
-150.000000 130.000000 -396.512665
-150.000000 130.000000 -410.000000
-150.000000 -130.000000 -410.000000
-150.000000 160.000000 -396.512665
-150.000000 160.000000 -610.000000
-100.000000 200.000000 -610.000000
-100.000000 -200.000000 -610.000000
-150.000000 -160.000000 -610.000000
-150.000000 -160.000000 -396.512665
200.000000 -110.000000 -500.000000
200.000000 110.000000 -500.000000
-46.251190 200.000000 0.000000
-100.000000 200.000000 -350.000000
-100.000000 200.000000 -500.000000
100.000000 200.000000 -300.000000
-46.251190 200.000000 -300.000000
245.000000 -175.000000 -450.000000
245.000000 -175.000000 0.000000
100.000000 200.000000 -500.000000
245.000000 175.000000 -450.000000
245.000000 175.000000 0.000000
100.000000 200.000000 0.000000
100.000000 -200.000000 0.000000
-46.251190 -200.000000 0.000000
100.000000 -200.000000 -300.000000
100.000000 -200.000000 -500.000000
-100.000000 -200.000000 -500.000000
-100.000000 -200.000000 -350.000000
-46.251190 -200.000000 -300.000000
-150.000000 -130.000031 -610.000000
0
26
5 40 39 38 37 36
4 35 40 36 34
4 33 32 31 30
4 29 34 37 28
5 27 26 30 25 24
4 23 33 26 27
4 22 31 28 21
3 31 22 30
3 28 37 21
4 39 20 19 18
4 17 16 15 24
4 9 40 35 7
5 15 12 10 27 24
4 10 11 23 27
5 6 20 39 40 9
4 3 8 5 0
4 12 15 16 1
4 28 5 4 29
4 32 2 0 31
4 11 10 3 2
4 9 7 4 8
4 3 10 12 13
4 14 6 9 8
4 14 8 3 13
4 41 14 13 1
4 41 19 20 6
0
-2
4
200.000000 -110.000000 -610.000000
200.000000 110.000000 -610.000000
200.000000 110.000000 -500.000000
200.000000 -110.000000 -500.000000
0
1
4 0 1 2 3
0
-2
12
-100.000000 -200.000000 -610.000000
100.000000 -200.000000 -610.000000
100.000000 200.000000 -610.000000
-100.000000 200.000000 -610.000000
-100.000000 -200.000000 -500.000000
-100.000000 200.000000 -500.000000
100.000000 200.000000 -500.000000
100.000000 -200.000000 -500.000000
200.000000 -110.000000 -610.000000
200.000000 -110.000000 -500.000000
200.000000 110.000000 -610.000000
200.000000 110.000000 -500.000000
0
4
4 2 3 5 6
4 0 1 7 4
4 1 8 9 7
4 10 2 6 11
0
-2
48
100.000000 214.999985 -146.251190
100.000000 224.999985 -131.121765
137.852570 214.999985 -141.267822
133.936783 224.999985 -126.653900
173.125626 214.999985 -126.657234
165.560913 224.999985 -113.554764
203.415222 214.999985 -103.415199
192.717102 224.999985 -92.717072
226.657257 214.999985 -73.125587
213.554779 224.999985 -65.560867
241.267807 214.999985 -37.852589
226.653900 224.999985 -33.936806
246.251190 214.999985 0.000000
231.121765 224.999985 0.000000
241.267807 214.999985 37.852585
226.653900 224.999985 33.936802
226.657257 214.999985 73.125580
213.554779 224.999985 65.560867
203.415207 214.999985 103.415222
192.717072 224.999985 92.717094
173.125595 214.999985 126.657249
165.560883 224.999985 113.554779
137.852600 214.999985 141.267807
133.936813 224.999985 126.653893
100.000000 214.999985 146.251190
100.000000 224.999985 131.121765
62.147392 214.999985 141.267807
66.063179 224.999985 126.653893
26.874397 214.999985 126.657249
34.439117 224.999985 113.554771
-3.415215 214.999985 103.415215
7.282913 224.999985 92.717087
-26.657249 214.999985 73.125603
-13.554771 224.999985 65.560890
-41.267807 214.999985 37.852592
-26.653893 224.999985 33.936810
-46.251190 214.999985 0.000000
-31.121765 224.999985 0.000000
-41.267807 214.999985 -37.852596
-26.653893 224.999985 -33.936813
-26.657249 214.999985 -73.125595
-13.554779 224.999985 -65.560875
-3.415215 214.999985 -103.415207
7.282913 224.999985 -92.717087
26.874397 214.999985 -126.657249
34.439117 224.999985 -113.554779
62.147404 214.999985 -141.267807
66.063187 224.999985 -126.653893
0
25
4 0 46 47 1
4 46 44 45 47
4 44 42 43 45
4 42 40 41 43
4 40 38 39 41
4 38 36 37 39
4 36 34 35 37
4 34 32 33 35
4 32 30 31 33
4 30 28 29 31
4 28 26 27 29
4 26 24 25 27
4 24 22 23 25
4 22 20 21 23
4 20 18 19 21
4 18 16 17 19
4 16 14 15 17
4 14 12 13 15
4 12 10 11 13
4 10 8 9 11
4 8 6 7 9
4 6 4 5 7
4 4 2 3 5
4 2 0 1 3
24 1 47 45 43 41 39 37 35 33 31 29 27 25 23 21 19
   17 15 13 11 9 7 5 3
0
-2
48
133.936813 -224.999969 -126.653893
137.852600 -214.999969 -141.267807
165.560883 -224.999969 -113.554779
173.125610 -214.999969 -126.657249
192.717087 -224.999969 -92.717087
203.415222 -214.999969 -103.415207
213.554779 -224.999969 -65.560875
226.657257 -214.999969 -73.125595
226.653900 -224.999969 -33.936813
241.267807 -214.999969 -37.852596
231.121765 -224.999969 0.000000
246.251190 -214.999969 0.000000
226.653900 -224.999969 33.936810
241.267807 -214.999969 37.852592
213.554779 -224.999969 65.560890
226.657257 -214.999969 73.125603
192.717087 -224.999969 92.717087
203.415222 -214.999969 103.415215
165.560883 -224.999969 113.554771
173.125610 -214.999969 126.657249
133.936829 -224.999969 126.653893
137.852600 -214.999969 141.267807
100.000000 -224.999969 131.121765
100.000000 -214.999969 146.251190
66.063187 -224.999969 126.653893
62.147400 -214.999969 141.267807
34.439117 -224.999969 113.554779
26.874405 -214.999969 126.657249
7.282921 -224.999969 92.717094
-3.415207 -214.999969 103.415222
-13.554787 -224.999969 65.560867
-26.657257 -214.999969 73.125580
-26.653900 -224.999969 33.936802
-41.267807 -214.999969 37.852585
-31.121765 -224.999969 0.000000
-46.251190 -214.999969 0.000000
-26.653900 -224.999969 -33.936806
-41.267807 -214.999969 -37.852589
-13.554779 -224.999969 -65.560867
-26.657257 -214.999969 -73.125587
7.282898 -224.999969 -92.717072
-3.415230 -214.999969 -103.415199
34.439095 -224.999969 -113.554764
26.874374 -214.999969 -126.657234
66.063217 -224.999969 -126.653900
62.147438 -214.999969 -141.267822
100.000000 -224.999969 -131.121765
100.000000 -214.999969 -146.251190
0
25
4 47 1 0 46
4 1 3 2 0
4 3 5 4 2
4 5 7 6 4
4 7 9 8 6
4 9 11 10 8
4 11 13 12 10
4 13 15 14 12
4 15 17 16 14
4 17 19 18 16
4 19 21 20 18
4 21 23 22 20
4 23 25 24 22
4 25 27 26 24
4 27 29 28 26
4 29 31 30 28
4 31 33 32 30
4 33 35 34 32
4 35 37 36 34
4 37 39 38 36
4 39 41 40 38
4 41 43 42 40
4 43 45 44 42
4 45 47 46 44
24 46 0 2 4 6 8 10 12 14 16 18 20 22 24 26 28
   30 32 34 36 38 40 42 44
0
-2
8
-220.000000 -30.000000 -610.000000
-270.000000 -30.000004 -610.000000
-270.000000 -30.000013 -500.000000
-220.000000 -30.000008 -500.000000
-220.000000 30.000000 -610.000000
-220.000000 29.999992 -500.000000
-270.000000 29.999987 -500.000000
-270.000000 29.999996 -610.000000
0
4
4 0 3 2 1
4 4 7 6 5
4 2 3 5 6
4 1 2 6 7
0
