10
0
0
0
11
6
48
-33.936821 115.000000 126.653900
-37.852608 125.000000 141.267822
-65.560890 115.000000 113.554787
-73.125610 125.000000 126.657257
-92.717094 115.000000 92.717094
-103.415222 125.000000 103.415207
-113.554787 115.000000 65.560875
-126.657257 125.000000 73.125595
-126.653893 115.000000 33.936813
-141.267807 125.000000 37.852596
-131.121765 115.000000 0.000000
-146.251190 125.000000 0.000000
-126.653893 115.000000 -33.936810
-141.267807 125.000000 -37.852592
-113.554764 115.000000 -65.560890
-126.657242 125.000000 -73.125603
-92.717079 115.000000 -92.717079
-103.415207 125.000000 -103.415215
-65.560875 115.000000 -113.554764
-73.125595 125.000000 -126.657242
-33.936810 115.000000 -126.653885
-37.852596 125.000000 -141.267792
0.000000 115.000000 -131.121750
0.000000 125.000000 -146.251175
33.936825 115.000000 -126.653877
37.852612 125.000000 -141.267792
65.560890 115.000000 -113.554764
73.125603 125.000000 -126.657227
92.717087 115.000000 -92.717072
103.415215 125.000000 -103.415199
113.554794 115.000000 -65.560844
126.657265 125.000000 -73.125557
126.653900 115.000000 -33.936779
141.267807 125.000000 -37.852558
131.121765 115.000000 0.000000
146.251190 125.000000 0.000000
126.653900 115.000000 33.936829
141.267807 125.000000 37.852615
113.554771 115.000000 65.560890
126.657249 125.000000 73.125610
92.717094 115.000000 92.717094
103.415222 125.000000 103.415222
65.560898 115.000000 113.554779
73.125618 125.000000 126.657257
33.936768 115.000000 126.653915
37.852551 125.000000 141.267838
0.000000 115.000000 131.121780
0.000000 125.000000 146.251205
0
25
4 47 1 0 46
4 1 3 2 0
4 3 5 4 2
4 5 7 6 4
4 7 9 8 6
4 9 11 10 8
4 11 13 12 10
4 13 15 14 12
4 15 17 16 14
4 17 19 18 16
4 19 21 20 18
4 21 23 22 20
4 23 25 24 22
4 25 27 26 24
4 27 29 28 26
4 29 31 30 28
4 31 33 32 30
4 33 35 34 32
4 35 37 36 34
4 37 39 38 36
4 39 41 40 38
4 41 43 42 40
4 43 45 44 42
4 45 47 46 44
24 46 0 2 4 6 8 10 12 14 16 18 20 22 24 26 28
   30 32 34 36 38 40 42 44
0
6
48
0.000000 -125.000023 146.251190
0.000000 -115.000023 131.121765
-37.852562 -125.000023 141.267822
-33.936779 -115.000023 126.653900
-73.125626 -125.000023 126.657234
-65.560905 -115.000015 113.554764
-103.415230 -125.000015 103.415199
-92.717102 -115.000015 92.717072
-126.657257 -125.000008 73.125587
-113.554779 -115.000008 65.560867
-141.267807 -125.000008 37.852589
-126.653900 -115.000008 33.936806
-146.251190 -125.000000 0.000000
-131.121765 -115.000000 0.000000
-141.267807 -124.999992 -37.852585
-126.653900 -114.999992 -33.936802
-126.657257 -124.999992 -73.125580
-113.554787 -114.999992 -65.560867
-103.415207 -124.999985 -103.415222
-92.717079 -114.999985 -92.717094
-73.125595 -124.999977 -126.657249
-65.560883 -114.999985 -113.554779
-37.852600 -124.999977 -141.267807
-33.936813 -114.999977 -126.653893
0.000000 -124.999977 -146.251190
0.000000 -114.999977 -131.121765
37.852608 -124.999977 -141.267807
33.936821 -114.999977 -126.653893
73.125603 -124.999977 -126.657249
65.560883 -114.999985 -113.554771
103.415215 -124.999985 -103.415215
92.717087 -114.999985 -92.717087
126.657249 -124.999992 -73.125603
113.554771 -114.999992 -65.560890
141.267807 -124.999992 -37.852592
126.653893 -114.999992 -33.936810
146.251190 -125.000000 0.000000
131.121765 -115.000000 0.000000
141.267807 -125.000008 37.852596
126.653893 -115.000008 33.936813
126.657249 -125.000008 73.125595
113.554779 -115.000008 65.560875
103.415215 -125.000015 103.415207
92.717087 -115.000015 92.717087
73.125603 -125.000023 126.657249
65.560883 -115.000015 113.554779
37.852596 -125.000023 141.267807
33.936810 -115.000023 126.653893
0
25
4 0 46 47 1
4 46 44 45 47
4 44 42 43 45
4 42 40 41 43
4 40 38 39 41
4 38 36 37 39
4 36 34 35 37
4 34 32 33 35
4 32 30 31 33
4 30 28 29 31
4 28 26 27 29
4 26 24 25 27
4 24 22 23 25
4 22 20 21 23
4 20 18 19 21
4 18 16 17 19
4 16 14 15 17
4 14 12 13 15
4 12 10 11 13
4 10 8 9 11
4 8 6 7 9
4 6 4 5 7
4 4 2 3 5
4 2 0 1 3
24 1 47 45 43 41 39 37 35 33 31 29 27 25 23 21 19
   17 15 13 11 9 7 5 3
0
-2
48
0.000000 125.000000 146.251190
37.852596 125.000000 141.267807
37.852596 215.000000 141.267807
0.000000 215.000000 146.251190
73.125603 125.000000 126.657249
73.125603 215.000000 126.657249
103.415215 125.000000 103.415207
103.415215 215.000000 103.415207
126.657249 125.000000 73.125595
126.657249 215.000000 73.125595
141.267807 125.000000 37.852596
141.267807 215.000000 37.852596
146.251190 125.000000 0.000000
146.251190 215.000000 0.000000
141.267807 125.000000 -37.852592
141.267807 215.000000 -37.852592
126.657249 125.000000 -73.125603
126.657249 215.000000 -73.125603
103.415215 125.000000 -103.415215
103.415215 215.000000 -103.415215
73.125603 125.000000 -126.657249
73.125603 215.000000 -126.657249
37.852608 125.000000 -141.267807
37.852608 215.000000 -141.267807
0.000000 125.000000 -146.251190
0.000000 215.000000 -146.251190
-37.852600 125.000000 -141.267807
-37.852600 215.000000 -141.267807
-73.125595 125.000000 -126.657249
-73.125595 215.000000 -126.657249
-103.415207 125.000000 -103.415222
-103.415207 215.000000 -103.415222
-126.657257 125.000000 -73.125580
-126.657257 215.000000 -73.125580
-141.267807 125.000000 -37.852585
-141.267807 215.000000 -37.852585
-146.251190 125.000000 0.000000
-146.251190 215.000000 0.000000
-141.267807 125.000000 37.852589
-141.267807 215.000000 37.852589
-126.657257 125.000000 73.125587
-126.657257 215.000000 73.125587
-103.415230 125.000000 103.415199
-103.415230 215.000000 103.415199
-73.125626 125.000000 126.657234
-73.125626 215.000000 126.657234
-37.852562 125.000000 141.267822
-37.852562 215.000000 141.267822
0
24
4 0 1 2 3
4 1 4 5 2
4 4 6 7 5
4 6 8 9 7
4 8 10 11 9
4 10 12 13 11
4 12 14 15 13
4 14 16 17 15
4 16 18 19 17
4 18 20 21 19
4 20 22 23 21
4 22 24 25 23
4 24 26 27 25
4 26 28 29 27
4 28 30 31 29
4 30 32 33 31
4 32 34 35 33
4 34 36 37 35
4 36 38 39 37
4 38 40 41 39
4 40 42 43 41
4 42 44 45 43
4 44 46 47 45
4 46 0 3 47
0
-2
48
0.000000 -125.000000 146.251190
0.000000 -215.000000 146.251190
37.852596 -215.000000 141.267807
37.852596 -125.000000 141.267807
73.125603 -215.000000 126.657249
73.125603 -125.000000 126.657249
103.415215 -215.000000 103.415207
103.415215 -125.000000 103.415207
126.657249 -215.000000 73.125595
126.657249 -125.000000 73.125595
141.267807 -215.000000 37.852596
141.267807 -125.000000 37.852596
146.251190 -215.000000 0.000000
146.251190 -125.000000 0.000000
141.267807 -215.000000 -37.852592
141.267807 -125.000000 -37.852592
126.657249 -215.000000 -73.125603
126.657249 -125.000000 -73.125603
103.415215 -215.000000 -103.415215
103.415215 -125.000000 -103.415215
73.125603 -215.000000 -126.657249
73.125603 -125.000000 -126.657249
37.852608 -215.000000 -141.267807
37.852608 -125.000000 -141.267807
0.000000 -215.000000 -146.251190
0.000000 -125.000000 -146.251190
-37.852600 -215.000000 -141.267807
-37.852600 -125.000000 -141.267807
-73.125595 -215.000000 -126.657249
-73.125595 -125.000000 -126.657249
-103.415207 -215.000000 -103.415222
-103.415207 -125.000000 -103.415222
-126.657257 -215.000000 -73.125580
-126.657257 -125.000000 -73.125580
-141.267807 -215.000000 -37.852585
-141.267807 -125.000000 -37.852585
-146.251190 -215.000000 0.000000
-146.251190 -125.000000 0.000000
-141.267807 -215.000000 37.852589
-141.267807 -125.000000 37.852589
-126.657257 -215.000000 73.125587
-126.657257 -125.000000 73.125587
-103.415230 -215.000000 103.415199
-103.415230 -125.000000 103.415199
-73.125626 -215.000000 126.657234
-73.125626 -125.000000 126.657234
-37.852562 -215.000000 141.267822
-37.852562 -125.000000 141.267822
0
24
4 0 1 2 3
4 3 2 4 5
4 5 4 6 7
4 7 6 8 9
4 9 8 10 11
4 11 10 12 13
4 13 12 14 15
4 15 14 16 17
4 17 16 18 19
4 19 18 20 21
4 21 20 22 23
4 23 22 24 25
4 25 24 26 27
4 27 26 28 29
4 29 28 30 31
4 31 30 32 33
4 33 32 34 35
4 35 34 36 37
4 37 36 38 39
4 39 38 40 41
4 41 40 42 43
4 43 42 44 45
4 45 44 46 47
4 47 46 1 0
0
6
8
-370.000000 -25.000000 -610.000000
-250.000000 -25.000000 -610.000000
-250.000000 25.000000 -610.000000
-370.000000 25.000000 -610.000000
-370.000000 -25.000000 -470.000000
-370.000000 25.000000 -470.000000
-250.000000 25.000000 -470.000000
-250.000000 -25.000000 -470.000000
0
6
4 0 3 2 1
4 4 7 6 5
4 3 0 4 5
4 2 3 5 6
4 1 2 6 7
4 0 1 7 4
0
-2
42
145.000000 130.000000 -450.000000
-250.000000 130.000000 -610.000000
145.000000 130.000000 0.000000
145.000000 130.000000 -410.000000
145.000000 -129.999985 0.000000
145.000000 -130.000000 -450.000000
-250.000000 -130.000000 -396.512665
-146.251205 -130.000000 0.000000
145.000015 -130.000000 -410.000000
-146.251205 -130.000000 -300.000000
-146.251205 130.000000 -300.000000
-146.251205 130.000000 0.000000
-250.000000 130.000000 -396.512665
-250.000000 130.000000 -410.000000
-250.000000 -130.000000 -410.000000
-250.000000 160.000000 -396.512665
-250.000000 160.000000 -610.000000
-200.000000 200.000000 -610.000000
-200.000000 -200.000000 -610.000000
-250.000000 -160.000000 -610.000000
-250.000000 -160.000000 -396.512665
100.000000 -110.000000 -500.000000
100.000000 110.000000 -500.000000
-146.251190 200.000000 0.000000
-200.000000 200.000000 -350.000000
-200.000000 200.000000 -500.000000
0.000000 200.000000 -300.000000
-146.251190 200.000000 -300.000000
145.000000 -175.000000 -450.000000
145.000000 -175.000000 0.000000
0.000000 200.000000 -500.000000
145.000000 175.000000 -450.000000
145.000000 175.000000 0.000000
0.000000 200.000000 0.000000
0.000000 -200.000000 0.000000
-146.251190 -200.000000 0.000000
0.000000 -200.000000 -300.000000
0.000000 -200.000000 -500.000000
-200.000000 -200.000000 -500.000000
-200.000000 -200.000000 -350.000000
-146.251190 -200.000000 -300.000000
-250.000000 -130.000031 -610.000000
0
26
5 40 39 38 37 36
4 35 40 36 34
4 33 32 31 30
4 29 34 37 28
5 27 26 30 25 24
4 23 33 26 27
4 22 31 28 21
3 31 22 30
3 28 37 21
4 39 20 19 18
4 17 16 15 24
4 9 40 35 7
5 15 12 10 27 24
4 10 11 23 27
5 6 20 39 40 9
4 3 8 5 0
4 12 15 16 1
4 28 5 4 29
4 32 2 0 31
4 11 10 3 2
4 9 7 4 8
4 3 10 12 13
4 14 6 9 8
4 14 8 3 13
4 41 14 13 1
4 41 19 20 6
0
-2
4
100.000000 -110.000000 -610.000000
100.000000 110.000000 -610.000000
100.000000 110.000000 -500.000000
100.000000 -110.000000 -500.000000
0
1
4 0 1 2 3
0
-2
12
-200.000000 -200.000000 -610.000000
0.000000 -200.000000 -610.000000
0.000000 200.000000 -610.000000
-200.000000 200.000000 -610.000000
-200.000000 -200.000000 -500.000000
-200.000000 200.000000 -500.000000
0.000000 200.000000 -500.000000
0.000000 -200.000000 -500.000000
100.000000 -110.000000 -610.000000
100.000000 -110.000000 -500.000000
100.000000 110.000000 -610.000000
100.000000 110.000000 -500.000000
0
4
4 2 3 5 6
4 0 1 7 4
4 1 8 9 7
4 10 2 6 11
0
-2
48
-34.736908 -243.565186 -609.999939
-34.736908 -243.565186 -629.999939
26.078613 -218.374573 -609.999939
26.078613 -218.374573 -629.999939
78.302086 -178.302094 -609.999939
78.302086 -178.302094 -629.999939
118.374565 -126.078613 -609.999939
118.374565 -126.078613 -629.999939
143.565170 -65.263100 -609.999939
143.565186 -65.263100 -629.999939
152.157211 0.000000 -609.999939
152.157227 0.000000 -629.999939
143.565170 65.263092 -609.999939
143.565186 65.263092 -629.999939
118.374550 126.078629 -609.999939
118.374550 126.078629 -629.999939
78.302086 178.302094 -609.999939
78.302086 178.302094 -629.999939
26.078621 218.374557 -609.999939
26.078621 218.374557 -629.999939
-34.736893 243.565186 -609.999939
-34.736893 243.565186 -629.999939
-100.000008 252.157227 -609.999939
-100.000008 252.157227 -629.999939
-165.263107 243.565186 -609.999939
-165.263107 243.565186 -629.999939
-226.078629 218.374573 -609.999939
-226.078613 218.374573 -629.999939
-278.302094 178.302109 -609.999939
-278.302094 178.302109 -629.999939
-318.374603 126.078590 -609.999939
-318.374603 126.078590 -629.999939
-343.565186 65.263077 -609.999939
-343.565186 65.263077 -629.999939
-352.157227 0.000000 -609.999939
-352.157227 0.000000 -629.999939
-343.565186 -65.263084 -609.999939
-343.565186 -65.263084 -629.999939
-318.374603 -126.078598 -609.999939
-318.374603 -126.078598 -629.999939
-278.302124 -178.302063 -609.999939
-278.302124 -178.302063 -629.999939
-226.078674 -218.374542 -609.999939
-226.078674 -218.374542 -629.999939
-165.263046 -243.565201 -609.999939
-165.263046 -243.565201 -629.999939
-100.000008 -252.157227 -609.999939
-100.000008 -252.157227 -629.999939
0
25
4 47 1 0 46
4 1 3 2 0
4 3 5 4 2
4 5 7 6 4
4 7 9 8 6
4 9 11 10 8
4 11 13 12 10
4 13 15 14 12
4 15 17 16 14
4 17 19 18 16
4 19 21 20 18
4 21 23 22 20
4 23 25 24 22
4 25 27 26 24
4 27 29 28 26
4 29 31 30 28
4 31 33 32 30
4 33 35 34 32
4 35 37 36 34
4 37 39 38 36
4 39 41 40 38
4 41 43 42 40
4 43 45 44 42
4 45 47 46 44
24 46 0 2 4 6 8 10 12 14 16 18 20 22 24 26 28
   30 32 34 36 38 40 42 44
0
6
48
0.000000 214.999985 -146.251190
0.000000 224.999985 -131.121765
37.852562 214.999985 -141.267822
33.936779 224.999985 -126.653900
73.125626 214.999985 -126.657234
65.560905 224.999985 -113.554764
103.415230 214.999985 -103.415199
92.717102 224.999985 -92.717072
126.657257 214.999985 -73.125587
113.554779 224.999985 -65.560867
141.267807 214.999985 -37.852589
126.653900 224.999985 -33.936806
146.251190 214.999985 0.000000
131.121765 224.999985 0.000000
141.267807 214.999985 37.852585
126.653900 224.999985 33.936802
126.657257 214.999985 73.125580
113.554787 224.999985 65.560867
103.415207 214.999985 103.415222
92.717079 224.999985 92.717094
73.125595 214.999985 126.657249
65.560883 224.999985 113.554779
37.852600 214.999985 141.267807
33.936813 224.999985 126.653893
0.000000 214.999985 146.251190
0.000000 224.999985 131.121765
-37.852608 214.999985 141.267807
-33.936821 224.999985 126.653893
-73.125603 214.999985 126.657249
-65.560883 224.999985 113.554771
-103.415215 214.999985 103.415215
-92.717087 224.999985 92.717087
-126.657249 214.999985 73.125603
-113.554771 224.999985 65.560890
-141.267807 214.999985 37.852592
-126.653893 224.999985 33.936810
-146.251190 214.999985 0.000000
-131.121765 224.999985 0.000000
-141.267807 214.999985 -37.852596
-126.653893 224.999985 -33.936813
-126.657249 214.999985 -73.125595
-113.554779 224.999985 -65.560875
-103.415215 214.999985 -103.415207
-92.717087 224.999985 -92.717087
-73.125603 214.999985 -126.657249
-65.560883 224.999985 -113.554779
-37.852596 214.999985 -141.267807
-33.936810 224.999985 -126.653893
0
25
4 0 46 47 1
4 46 44 45 47
4 44 42 43 45
4 42 40 41 43
4 40 38 39 41
4 38 36 37 39
4 36 34 35 37
4 34 32 33 35
4 32 30 31 33
4 30 28 29 31
4 28 26 27 29
4 26 24 25 27
4 24 22 23 25
4 22 20 21 23
4 20 18 19 21
4 18 16 17 19
4 16 14 15 17
4 14 12 13 15
4 12 10 11 13
4 10 8 9 11
4 8 6 7 9
4 6 4 5 7
4 4 2 3 5
4 2 0 1 3
24 1 47 45 43 41 39 37 35 33 31 29 27 25 23 21 19
   17 15 13 11 9 7 5 3
0
6
48
33.936810 -224.999969 -126.653893
37.852596 -214.999969 -141.267807
65.560883 -224.999969 -113.554779
73.125603 -214.999969 -126.657249
92.717087 -224.999969 -92.717087
103.415215 -214.999969 -103.415207
113.554779 -224.999969 -65.560875
126.657249 -214.999969 -73.125595
126.653893 -224.999969 -33.936813
141.267807 -214.999969 -37.852596
131.121765 -224.999969 0.000000
146.251190 -214.999969 0.000000
126.653893 -224.999969 33.936810
141.267807 -214.999969 37.852592
113.554771 -224.999969 65.560890
126.657249 -214.999969 73.125603
92.717087 -224.999969 92.717087
103.415215 -214.999969 103.415215
65.560883 -224.999969 113.554771
73.125603 -214.999969 126.657249
33.936821 -224.999969 126.653893
37.852608 -214.999969 141.267807
0.000000 -224.999969 131.121765
0.000000 -214.999969 146.251190
-33.936813 -224.999969 126.653893
-37.852600 -214.999969 141.267807
-65.560883 -224.999969 113.554779
-73.125595 -214.999969 126.657249
-92.717079 -224.999969 92.717094
-103.415207 -214.999969 103.415222
-113.554787 -224.999969 65.560867
-126.657257 -214.999969 73.125580
-126.653900 -224.999969 33.936802
-141.267807 -214.999969 37.852585
-131.121765 -224.999969 0.000000
-146.251190 -214.999969 0.000000
-126.653900 -224.999969 -33.936806
-141.267807 -214.999969 -37.852589
-113.554779 -224.999969 -65.560867
-126.657257 -214.999969 -73.125587
-92.717102 -224.999969 -92.717072
-103.415230 -214.999969 -103.415199
-65.560905 -224.999969 -113.554764
-73.125626 -214.999969 -126.657234
-33.936779 -224.999969 -126.653900
-37.852562 -214.999969 -141.267822
0.000000 -224.999969 -131.121765
0.000000 -214.999969 -146.251190
0
25
4 47 1 0 46
4 1 3 2 0
4 3 5 4 2
4 5 7 6 4
4 7 9 8 6
4 9 11 10 8
4 11 13 12 10
4 13 15 14 12
4 15 17 16 14
4 17 19 18 16
4 19 21 20 18
4 21 23 22 20
4 23 25 24 22
4 25 27 26 24
4 27 29 28 26
4 29 31 30 28
4 31 33 32 30
4 33 35 34 32
4 35 37 36 34
4 37 39 38 36
4 39 41 40 38
4 41 43 42 40
4 43 45 44 42
4 45 47 46 44
24 46 0 2 4 6 8 10 12 14 16 18 20 22 24 26 28
   30 32 34 36 38 40 42 44
0
