10
1
1.000000 0.000000 0.000000
0.000000 1.000000 0.000000
0.000000 0.000000 1.000000
0.000000 0.000000 700.000000
0
0
17
-2
12
80.000031 160.000000 160.000000
80.000031 115.000000 160.000000
-79.999969 115.000000 160.000000
-79.999969 160.000000 160.000000
65.000031 175.000000 175.000000
-64.999969 175.000000 175.000000
-64.999969 175.000000 663.046997
65.000031 175.000000 663.046997
80.000031 160.000000 663.046997
80.000031 115.000000 663.046997
-79.999969 115.000000 663.046997
-79.999969 160.000000 663.046997
0
8
4 0 1 2 3
4 0 3 5 4
4 2 1 9 10
4 3 2 10 11
4 1 0 8 9
4 0 4 7 8
4 5 3 11 6
4 4 5 6 7
0
-2
12
-125.364151 -84.728630 102.536659
-125.000000 -99.985771 103.599983
-125.000000 99.985771 103.599968
-125.493073 83.973793 102.160210
-79.999977 91.769516 160.000000
-80.000023 -91.769516 160.000000
-105.684929 91.769516 160.000000
-105.684929 -91.769516 160.000000
-205.000000 60.000000 -130.000000
-80.000000 99.985771 235.000000
-80.000000 -99.985771 235.000000
-205.000000 -60.000000 -130.000000
0
6
4 7 10 9 6
4 11 7 6 8
3 10 7 5
3 4 6 9
3 8 3 2
3 11 1 0
0
-2
8
-125.000000 99.985771 103.599968
-140.000000 99.985771 59.799976
-125.000000 -99.985771 103.599983
-140.000000 -99.985771 59.799969
-125.000000 -99.985771 -351.088898
-125.000000 99.985771 -351.088898
-140.000000 99.985771 -351.088898
-140.000000 -99.985771 -351.088898
0
3
4 7 6 5 4
4 3 7 4 2
4 6 1 0 5
0
-2
4
110.000000 100.000000 -400.000000
-110.000000 100.000000 -400.000000
-110.000000 -100.000000 -400.000000
110.000000 -100.000000 -400.000000
0
1
4 3 2 1 0
0
-2
14
110.000000 100.000000 -400.000000
110.000000 -100.000000 -400.000000
-110.000000 100.000000 -400.000000
-110.000000 -100.000000 -400.000000
125.000000 -115.000000 -370.000000
-125.000000 -115.000000 -370.000000
-125.000000 -115.000000 103.600006
-125.000000 115.000000 -370.000000
125.000000 115.000000 -370.000000
-125.000000 115.000000 103.600006
125.000000 -115.000000 160.000000
-105.684929 -115.000000 160.000000
-105.684937 115.000000 160.000000
125.000000 115.000000 160.000000
0
10
4 13 12 11 10
5 9 12 13 8 7
4 6 9 7 5
5 10 11 6 5 4
4 13 10 4 8
4 3 5 7 2
4 5 3 1 4
4 4 1 0 8
4 8 0 2 7
4 9 6 11 12
0
-2
8
-140.000000 -99.985771 59.800007
-140.000000 99.985771 59.799999
-140.000000 99.985771 -351.088898
-140.000000 -99.985771 -351.088898
-205.000000 60.000000 -130.000000
-205.000000 -60.000000 -130.000000
-205.000000 -60.000000 -270.000000
-205.000000 60.000000 -270.000000
0
4
4 7 6 5 4
4 3 6 7 2
4 1 2 7 4
4 0 5 6 3
0
-2
4
-65.000031 -175.000000 647.046997
-65.000031 -175.000000 175.000000
64.999969 -175.000000 175.000000
64.999969 -175.000000 647.046997
0
1
4 0 1 2 3
0
-2
12
64.999969 -175.000000 647.046997
64.999969 -175.000000 175.000000
-65.000031 -175.000000 175.000000
-65.000031 -175.000000 647.046997
-80.000031 -160.000000 647.046997
79.999969 -160.000000 647.046997
-80.000031 -115.000000 647.046997
79.999969 -115.000000 647.046997
79.999969 -160.000000 160.000000
79.999969 -115.000000 160.000000
-80.000031 -115.000000 160.000000
-80.000031 -160.000000 160.000000
0
7
4 11 10 9 8
4 7 9 10 6
4 5 8 9 7
4 6 10 11 4
4 3 4 11 2
4 11 8 1 2
4 0 1 8 5
0
-2
6
125.000000 -60.000000 160.000000
80.000000 -60.000004 160.000000
80.000000 -114.999985 160.000000
125.000000 -115.000000 160.000000
125.000000 -60.000000 190.000000
80.000000 -60.000004 240.000000
0
2
4 0 1 2 3
4 0 4 5 1
0
-2
18
-80.000000 106.011017 290.000000
-79.999977 91.769516 160.000000
-80.000000 -106.011032 290.000000
-80.000023 -91.769516 160.000000
-79.999969 115.000000 160.000000
-80.000031 -115.000000 160.000000
80.000000 -114.999985 160.000000
80.000031 114.999985 160.000000
125.000000 -60.000000 160.000000
125.000000 -60.000000 190.000000
125.000000 59.999996 190.000000
125.000000 59.999996 160.000000
80.000000 59.999996 240.000000
80.000000 -60.000004 240.000000
-80.000000 -114.999992 290.000000
80.000000 -114.999985 290.000000
80.000000 114.999985 290.000000
-80.000000 114.999992 290.000000
0
7
4 11 10 9 8
4 12 13 9 10
4 14 15 16 17
4 7 16 15 6
4 3 5 14 2
4 1 3 2 0
4 1 0 17 4
0
-2
48
20.884190 104.999992 622.059021
23.494713 114.999992 612.316406
40.345154 104.999992 630.119995
45.388298 114.999992 621.385010
57.056667 104.999992 642.943237
64.188751 114.999992 635.811157
69.879860 104.999992 659.654724
78.614845 114.999992 654.611572
77.940857 104.999992 679.115662
87.683464 114.999992 676.505188
80.690315 104.999992 699.999878
90.776604 114.999992 699.999878
77.940857 104.999992 720.884094
87.683464 114.999992 723.494568
69.879860 104.999992 740.345032
78.614845 114.999992 745.388184
57.056664 104.999992 757.056519
64.188751 114.999992 764.188599
40.345158 104.999992 769.879761
45.388302 114.999992 778.614746
20.884195 104.999992 777.940735
23.494720 114.999992 787.683350
0.000000 104.999992 780.690186
0.000000 114.999992 790.776489
-20.884195 104.999992 777.940735
-23.494719 114.999992 787.683350
-40.345161 104.999992 769.879761
-45.388306 114.999992 778.614746
-57.056667 104.999992 757.056519
-64.188751 114.999992 764.188660
-69.879868 104.999992 740.345032
-78.614853 114.999992 745.388184
-77.940857 104.999992 720.884033
-87.683472 114.999992 723.494568
-80.690315 104.999992 699.999878
-90.776604 114.999992 699.999878
-77.940857 104.999992 679.115662
-87.683464 114.999992 676.505188
-69.879868 104.999992 659.654724
-78.614853 114.999992 654.611572
-57.056683 104.999992 642.943237
-64.188759 114.999992 635.811157
-40.345177 104.999992 630.119995
-45.388321 114.999992 621.385010
-20.884174 104.999992 622.059021
-23.494696 114.999992 612.316406
0.000000 104.999992 619.309570
0.000000 114.999992 609.223267
0
25
4 47 1 0 46
4 1 3 2 0
4 3 5 4 2
4 5 7 6 4
4 7 9 8 6
4 9 11 10 8
4 11 13 12 10
4 13 15 14 12
4 15 17 16 14
4 17 19 18 16
4 19 21 20 18
4 21 23 22 20
4 23 25 24 22
4 25 27 26 24
4 27 29 28 26
4 29 31 30 28
4 31 33 32 30
4 33 35 34 32
4 35 37 36 34
4 37 39 38 36
4 39 41 40 38
4 41 43 42 40
4 43 45 44 42
4 45 47 46 44
24 46 0 2 4 6 8 10 12 14 16 18 20 22 24 26 28
   30 32 34 36 38 40 42 44
0
-2
48
23.494715 175.000000 787.683472
23.494715 114.999992 787.683472
45.388302 175.000000 778.614868
45.388302 114.999992 778.614868
64.188751 175.000000 764.188721
64.188751 114.999992 764.188721
78.614845 175.000000 745.388306
78.614845 114.999992 745.388306
87.683464 175.000000 723.494690
87.683464 114.999992 723.494690
90.776604 175.000000 700.000000
90.776604 114.999992 700.000000
87.683464 175.000000 676.505310
87.683464 114.999992 676.505310
78.614845 175.000000 654.611694
78.614845 114.999992 654.611694
64.188751 175.000000 635.811218
64.188751 114.999992 635.811218
45.388306 175.000000 621.385132
45.388306 114.999992 621.385132
23.494722 175.000000 612.316528
23.494722 114.999992 612.316528
0.000000 175.000000 609.223389
0.000000 114.999992 609.223389
-23.494717 175.000000 612.316528
-23.494717 114.999992 612.316528
-45.388302 175.000000 621.385132
-45.388302 114.999992 621.385132
-64.188751 175.000000 635.811218
-64.188751 114.999992 635.811218
-78.614853 175.000000 654.611694
-78.614853 114.999992 654.611694
-87.683472 175.000000 676.505310
-87.683472 114.999992 676.505310
-90.776604 175.000000 700.000000
-90.776604 114.999992 700.000000
-87.683464 175.000000 723.494690
-87.683464 114.999992 723.494690
-78.614853 175.000000 745.388306
-78.614853 114.999992 745.388306
-64.188759 175.000000 764.188721
-64.188759 114.999992 764.188721
-45.388317 175.000000 778.614807
-45.388317 114.999992 778.614807
-23.494694 175.000000 787.683472
-23.494694 114.999992 787.683472
0.000000 175.000000 790.776611
0.000000 114.999992 790.776611
0
24
4 47 1 0 46
4 1 3 2 0
4 3 5 4 2
4 5 7 6 4
4 7 9 8 6
4 9 11 10 8
4 11 13 12 10
4 13 15 14 12
4 15 17 16 14
4 17 19 18 16
4 19 21 20 18
4 21 23 22 20
4 23 25 24 22
4 25 27 26 24
4 27 29 28 26
4 29 31 30 28
4 31 33 32 30
4 33 35 34 32
4 35 37 36 34
4 37 39 38 36
4 39 41 40 38
4 41 43 42 40
4 43 45 44 42
4 45 47 46 44
0
-2
48
-20.884193 185.000015 622.059143
-23.494717 175.000015 612.316528
-40.345161 185.000015 630.120117
-45.388306 175.000015 621.385132
-57.056675 185.000015 642.943359
-64.188751 175.000015 635.811218
-69.879860 185.000015 659.654846
-78.614845 175.000015 654.611694
-77.940857 185.000015 679.115784
-87.683464 175.000015 676.505310
-80.690315 185.000015 700.000000
-90.776604 175.000015 700.000000
-77.940857 185.000015 720.884216
-87.683464 175.000015 723.494690
-69.879860 185.000015 740.345154
-78.614845 175.000015 745.388306
-57.056671 185.000015 757.056641
-64.188751 175.000015 764.188721
-40.345165 185.000015 769.879883
-45.388309 175.000015 778.614868
-20.884199 185.000015 777.940857
-23.494724 175.000015 787.683472
0.000000 185.000015 780.690308
0.000000 175.000015 790.776611
20.884192 185.000015 777.940857
23.494715 175.000015 787.683472
40.345154 185.000015 769.879883
45.388298 175.000015 778.614868
57.056660 185.000015 757.056641
64.188751 175.000015 764.188782
69.879868 185.000015 740.345154
78.614853 175.000015 745.388306
77.940857 185.000015 720.884155
87.683472 175.000015 723.494690
80.690315 185.000015 700.000000
90.776604 175.000015 700.000000
77.940857 185.000015 679.115784
87.683464 175.000015 676.505310
69.879868 185.000015 659.654846
78.614853 175.000015 654.611694
57.056675 185.000015 642.943359
64.188759 175.000015 635.811279
40.345169 185.000015 630.120117
45.388313 175.000015 621.385132
20.884171 185.000015 622.059143
23.494692 175.000015 612.316528
0.000000 185.000015 619.309692
0.000000 175.000015 609.223389
0
25
4 47 1 0 46
4 1 3 2 0
4 3 5 4 2
4 5 7 6 4
4 7 9 8 6
4 9 11 10 8
4 11 13 12 10
4 13 15 14 12
4 15 17 16 14
4 17 19 18 16
4 19 21 20 18
4 21 23 22 20
4 23 25 24 22
4 25 27 26 24
4 27 29 28 26
4 29 31 30 28
4 31 33 32 30
4 33 35 34 32
4 35 37 36 34
4 37 39 38 36
4 39 41 40 38
4 41 43 42 40
4 43 45 44 42
4 45 47 46 44
24 46 0 2 4 6 8 10 12 14 16 18 20 22 24 26 28
   30 32 34 36 38 40 42 44
0
-2
48
0.000000 -115.000000 815.992310
0.000000 -175.000000 815.992310
30.021009 -115.000000 812.039978
30.021013 -175.000000 812.039978
57.996197 -114.999992 800.452271
57.996201 -175.000000 800.452271
82.018982 -114.999992 782.018921
82.018990 -175.000000 782.018921
100.452316 -114.999992 757.996155
100.452324 -174.999985 757.996155
112.039993 -114.999992 730.020996
112.040001 -174.999985 730.020996
115.992332 -114.999992 700.000000
115.992340 -174.999985 700.000000
112.039993 -114.999992 669.979004
112.040001 -174.999985 669.979004
100.452316 -114.999992 642.003845
100.452324 -174.999985 642.003845
82.018967 -114.999992 617.981018
82.018974 -175.000000 617.981018
57.996174 -114.999992 599.547668
57.996178 -175.000000 599.547668
30.021038 -115.000000 587.960022
30.021042 -175.000000 587.960022
0.000000 -115.000000 584.007690
0.000000 -175.000000 584.007690
-30.021023 -115.000000 587.960022
-30.021019 -175.000000 587.960022
-57.996159 -115.000008 599.547668
-57.996155 -175.000000 599.547668
-82.018951 -115.000008 617.981018
-82.018944 -175.000000 617.981018
-100.452293 -115.000008 642.003845
-100.452286 -175.000015 642.003845
-112.039978 -115.000008 669.979004
-112.039970 -175.000015 669.979004
-115.992317 -115.000008 700.000000
-115.992310 -175.000015 700.000000
-112.039978 -115.000008 730.020996
-112.039970 -175.000015 730.020996
-100.452293 -115.000008 757.996155
-100.452286 -175.000015 757.996155
-82.018959 -115.000008 782.018982
-82.018951 -175.000000 782.018982
-57.996155 -115.000008 800.452271
-57.996151 -175.000000 800.452271
-30.021013 -115.000000 812.039978
-30.021009 -175.000000 812.039978
0
24
4 0 46 47 1
4 46 44 45 47
4 44 42 43 45
4 42 40 41 43
4 40 38 39 41
4 38 36 37 39
4 36 34 35 37
4 34 32 33 35
4 32 30 31 33
4 30 28 29 31
4 28 26 27 29
4 26 24 25 27
4 24 22 23 25
4 22 20 21 23
4 20 18 19 21
4 18 16 17 19
4 16 14 15 17
4 14 12 13 15
4 12 10 11 13
4 10 8 9 11
4 8 6 7 9
4 6 4 5 7
4 4 2 3 5
4 2 0 1 3
0
-2
48
0.000000 -114.999992 584.007690
0.000000 -104.999992 594.093933
30.021008 -114.999992 587.960022
27.410484 -104.999992 597.702637
57.996197 -114.999985 599.547729
52.953049 -104.999985 608.282715
82.018982 -114.999985 617.981018
74.886894 -104.999985 625.113159
100.452316 -114.999985 642.003845
91.717331 -104.999985 647.046997
112.039993 -114.999985 669.979004
102.297386 -104.999985 672.589478
115.992332 -114.999985 700.000000
105.906044 -104.999985 700.000000
112.039993 -114.999985 730.020996
102.297386 -104.999985 727.410522
100.452316 -114.999985 757.996155
91.717331 -104.999985 752.953003
82.018967 -114.999985 782.018982
74.886879 -104.999985 774.886902
57.996174 -114.999985 800.452271
52.953030 -104.999985 791.717346
30.021036 -114.999992 812.039978
27.410511 -104.999992 802.297363
0.000000 -114.999992 815.992310
0.000000 -104.999992 805.906006
-30.021025 -114.999992 812.039978
-27.410501 -104.999992 802.297363
-57.996159 -115.000000 800.452271
-52.953011 -105.000000 791.717285
-82.018951 -115.000000 782.018982
-74.886871 -105.000000 774.886902
-100.452293 -115.000000 757.996155
-91.717308 -105.000000 752.953003
-112.039978 -115.000000 730.020996
-102.297371 -105.000000 727.410522
-115.992317 -115.000000 700.000000
-105.906029 -105.000000 700.000000
-112.039978 -115.000000 669.978943
-102.297371 -105.000000 672.589478
-100.452293 -115.000000 642.003845
-91.717316 -105.000000 647.046997
-82.018959 -115.000000 617.981018
-74.886871 -105.000000 625.113098
-57.996155 -115.000000 599.547668
-52.953011 -105.000000 608.282654
-30.021015 -114.999992 587.960022
-27.410492 -104.999992 597.702637
0
25
4 0 46 47 1
4 46 44 45 47
4 44 42 43 45
4 42 40 41 43
4 40 38 39 41
4 38 36 37 39
4 36 34 35 37
4 34 32 33 35
4 32 30 31 33
4 30 28 29 31
4 28 26 27 29
4 26 24 25 27
4 24 22 23 25
4 22 20 21 23
4 20 18 19 21
4 18 16 17 19
4 16 14 15 17
4 14 12 13 15
4 12 10 11 13
4 10 8 9 11
4 8 6 7 9
4 6 4 5 7
4 4 2 3 5
4 2 0 1 3
24 1 47 45 43 41 39 37 35 33 31 29 27 25 23 21 19
   17 15 13 11 9 7 5 3
0
-2
48
27.410515 -185.000015 597.702637
30.021038 -175.000015 587.960022
52.953037 -185.000015 608.282654
57.996181 -175.000015 599.547668
74.886894 -185.000015 625.113098
82.018982 -175.000015 617.981018
91.717339 -185.000000 647.046997
100.452316 -175.000000 642.003845
102.297394 -185.000000 672.589478
112.040001 -175.000000 669.978943
105.906052 -185.000000 700.000000
115.992340 -175.000000 700.000000
102.297394 -185.000000 727.410522
112.040001 -175.000000 730.020996
91.717331 -185.000000 752.953003
100.452316 -175.000000 757.996155
74.886894 -185.000015 774.886902
82.018974 -175.000015 782.018982
52.953037 -185.000015 791.717285
57.996185 -175.000015 800.452271
27.410524 -185.000015 802.297363
30.021048 -175.000015 812.039978
0.000000 -185.000015 805.906006
0.000000 -175.000015 815.992310
-27.410488 -185.000015 802.297363
-30.021013 -175.000015 812.039978
-52.953003 -185.000015 791.717346
-57.996147 -175.000015 800.452271
-74.886856 -185.000015 774.886902
-82.018944 -175.000015 782.018982
-91.717308 -185.000031 752.953003
-100.452293 -175.000031 757.996155
-102.297363 -185.000031 727.410522
-112.039970 -175.000031 730.020996
-105.906021 -185.000031 700.000000
-115.992310 -175.000031 700.000000
-102.297363 -185.000031 672.589478
-112.039970 -175.000031 669.979004
-91.717308 -185.000031 647.046997
-100.452293 -175.000031 642.003845
-74.886871 -185.000015 625.113159
-82.018959 -175.000015 617.981018
-52.953022 -185.000015 608.282715
-57.996170 -175.000015 599.547729
-27.410461 -185.000015 597.702637
-30.020985 -175.000015 587.960022
0.000000 -185.000015 594.093933
0.000000 -175.000015 584.007690
0
25
4 47 1 0 46
4 1 3 2 0
4 3 5 4 2
4 5 7 6 4
4 7 9 8 6
4 9 11 10 8
4 11 13 12 10
4 13 15 14 12
4 15 17 16 14
4 17 19 18 16
4 19 21 20 18
4 21 23 22 20
4 23 25 24 22
4 25 27 26 24
4 27 29 28 26
4 29 31 30 28
4 31 33 32 30
4 33 35 34 32
4 35 37 36 34
4 37 39 38 36
4 39 41 40 38
4 41 43 42 40
4 43 45 44 42
4 45 47 46 44
24 46 0 2 4 6 8 10 12 14 16 18 20 22 24 26 28
   30 32 34 36 38 40 42 44
0
-2
12
-205.000000 60.000000 -130.000000
-140.000000 99.985771 59.799999
-125.000000 99.985771 103.599968
-140.000000 -99.985771 59.800007
-125.000000 -99.985771 103.599983
-205.000000 -60.000000 -130.000000
125.000000 59.999996 190.000000
80.000000 59.999996 240.000000
79.999985 115.000015 160.000000
124.999985 114.999992 160.000000
124.999977 60.000015 160.000000
79.999977 60.000019 160.000000
0
4
4 11 10 9 8
4 11 7 6 10
3 5 3 4
3 2 1 0
0
