12
1
0.000000 -1.000000 0.000000
0.000000 0.000000 1.000000
-1.000000 0.000000 0.000000
0.000000 0.000000 142.500000
0
0
3
-2
*
40
0.000000 -66.000000 142.000000
20.395142 -62.769730 142.000000
38.793823 -53.395123 142.000000
53.395142 -38.793823 142.000000
62.769775 -20.395119 142.000000
66.000000 0.000000 142.000000
62.769775 20.395126 142.000000
53.395142 38.793823 142.000000
38.793823 53.395126 142.000000
20.395142 62.769730 142.000000
0.000000 66.000000 142.000000
-20.395142 62.769730 142.000000
-38.793823 53.395126 142.000000
-53.395142 38.793823 142.000000
-62.769775 20.395126 142.000000
-66.000000 0.000000 142.000000
-62.769775 -20.395119 142.000000
-53.395142 -38.793823 142.000000
-38.793823 -53.395123 142.000000
-20.395142 -62.769730 142.000000
0.000000 -66.000000 142.500000
-20.395142 -62.769730 142.500000
-38.793823 -53.395123 142.500000
-53.395142 -38.793823 142.500000
-62.769775 -20.395119 142.500000
-66.000000 0.000000 142.500000
-62.769775 20.395126 142.500000
-53.395142 38.793823 142.500000
-38.793823 53.395126 142.500000
-20.395142 62.769730 142.500000
0.000000 66.000000 142.500000
20.395142 62.769730 142.500000
38.793823 53.395126 142.500000
53.395142 38.793823 142.500000
62.769775 20.395126 142.500000
66.000000 0.000000 142.500000
62.769775 -20.395119 142.500000
53.395142 -38.793823 142.500000
38.793823 -53.395123 142.500000
20.395142 -62.769730 142.500000
0
60
39 1
38 2
37 3
36 4
35 5
34 6
33 7
32 8
31 9
30 10
29 11
28 12
27 13
26 14
25 15
24 16
23 17
22 18
21 19
0 20
21 20
22 21
23 22
24 23
25 24
26 25
27 26
28 27
29 28
30 29
31 30
32 31
33 32
34 33
35 34
36 35
37 36
38 37
39 38
20 39
19 0
18 19
17 18
16 17
15 16
14 15
13 14
12 13
11 12
10 11
9 10
8 9
7 8
6 7
5 6
4 5
3 4
2 3
1 2
0 1
21
4 60 -1 -40 -20
4 59 -2 -39 1
4 58 -3 -38 2
4 57 -4 -37 3
4 56 -5 -36 4
4 55 -6 -35 5
4 54 -7 -34 6
4 53 -8 -33 7
4 52 -9 -32 8
4 51 -10 -31 9
4 50 -11 -30 10
4 49 -12 -29 11
4 48 -13 -28 12
4 47 -14 -27 13
4 46 -15 -26 14
4 45 -16 -25 15
4 44 -17 -24 16
4 43 -18 -23 17
4 42 -19 -22 18
4 41 20 -21 19
20 40 39 38 37 36 35 34 33 32 31 30 29 28 27 26 25
   24 23 22 21
0
0
-2
*
40
20.395142 -62.769730 142.000000
0.000000 -66.000000 142.000000
0.000000 -66.000000 138.000000
20.395142 -62.769730 138.000000
38.793823 -53.395123 142.000000
38.793823 -53.395123 138.000000
53.395142 -38.793823 142.000000
53.395142 -38.793823 138.000000
62.769775 -20.395119 142.000000
62.769775 -20.395119 138.000000
66.000000 0.000000 142.000000
66.000000 0.000000 138.000000
62.769775 20.395126 142.000000
62.769775 20.395126 138.000000
53.395142 38.793823 142.000000
53.395142 38.793823 138.000000
38.793823 53.395126 142.000000
38.793823 53.395126 138.000000
20.395142 62.769730 142.000000
20.395142 62.769730 138.000000
0.000000 66.000000 142.000000
0.000000 66.000000 138.000000
-20.395142 62.769730 142.000000
-20.395142 62.769730 138.000000
-38.793823 53.395126 142.000000
-38.793823 53.395126 138.000000
-53.395142 38.793823 142.000000
-53.395142 38.793823 138.000000
-62.769775 20.395126 142.000000
-62.769775 20.395126 138.000000
-66.000000 0.000000 142.000000
-66.000000 0.000000 138.000000
-62.769775 -20.395119 142.000000
-62.769775 -20.395119 138.000000
-53.395142 -38.793823 142.000000
-53.395142 -38.793823 138.000000
-38.793823 -53.395123 142.000000
-38.793823 -53.395123 138.000000
-20.395142 -62.769730 142.000000
-20.395142 -62.769730 138.000000
0
60
39 2
1 38
39 38
37 39
38 36
37 36
35 37
36 34
35 34
33 35
34 32
33 32
31 33
32 30
31 30
29 31
30 28
29 28
27 29
28 26
27 26
25 27
26 24
25 24
23 25
24 22
23 22
21 23
22 20
21 20
19 21
20 18
19 18
17 19
18 16
17 16
15 17
16 14
15 14
13 15
14 12
13 12
11 13
12 10
11 10
9 11
10 8
9 8
7 9
8 6
7 6
5 7
6 4
5 4
3 5
4 0
3 0
2 3
1 2
0 1
22
4 2 -3 1 -59
4 5 -6 4 3
4 8 -9 7 6
4 11 -12 10 9
4 14 -15 13 12
4 17 -18 16 15
4 20 -21 19 18
4 23 -24 22 21
4 26 -27 25 24
4 29 -30 28 27
4 32 -33 31 30
4 35 -36 34 33
4 38 -39 37 36
4 41 -42 40 39
4 44 -45 43 42
4 47 -48 46 45
4 50 -51 49 48
4 53 -54 52 51
4 56 -57 55 54
4 60 59 58 57
20 -4 -7 -10 -13 -16 -19 -22 -25 -28 -31 -34 -37 -40 -43 -46 -49
   -52 -55 -58 -1
20 -60 -56 -53 -50 -47 -44 -41 -38 -35 -32 -29 -26 -23 -20 -17 -14
   -11 -8 -5 -2
0
0
-2
*
40
20.395142 62.769730 124.000000
0.000000 66.000000 124.000000
0.000000 66.000000 138.000000
20.395142 62.769730 138.000000
38.793823 53.395126 124.000000
38.793823 53.395126 138.000000
53.395142 38.793823 124.000000
53.395142 38.793823 138.000000
62.769775 20.395126 124.000000
62.769775 20.395126 138.000000
66.000000 0.000000 124.000000
66.000000 0.000000 138.000000
62.769775 -20.395119 124.000000
62.769775 -20.395119 138.000000
53.395142 -38.793823 124.000000
53.395142 -38.793823 138.000000
38.793823 -53.395123 124.000000
38.793823 -53.395123 138.000000
20.395142 -62.769730 124.000000
20.395142 -62.769730 138.000000
0.000000 -66.000000 124.000000
0.000000 -66.000000 138.000000
-20.395142 -62.769730 124.000000
-20.395142 -62.769730 138.000000
-38.793823 -53.395123 124.000000
-38.793823 -53.395123 138.000000
-53.395142 -38.793823 124.000000
-53.395142 -38.793823 138.000000
-62.769775 -20.395119 124.000000
-62.769775 -20.395119 138.000000
-66.000000 0.000000 124.000000
-66.000000 0.000000 138.000000
-62.769775 20.395126 124.000000
-62.769775 20.395126 138.000000
-53.395142 38.793823 124.000000
-53.395142 38.793823 138.000000
-38.793823 53.395126 124.000000
-38.793823 53.395126 138.000000
-20.395142 62.769730 124.000000
-20.395142 62.769730 138.000000
0
60
39 2
1 38
39 38
37 39
38 36
37 36
35 37
36 34
35 34
33 35
34 32
33 32
31 33
32 30
31 30
29 31
30 28
29 28
27 29
28 26
27 26
25 27
26 24
25 24
23 25
24 22
23 22
21 23
22 20
21 20
19 21
20 18
19 18
17 19
18 16
17 16
15 17
16 14
15 14
13 15
14 12
13 12
11 13
12 10
11 10
9 11
10 8
9 8
7 9
8 6
7 6
5 7
6 4
5 4
3 5
4 0
3 0
2 3
1 2
0 1
22
4 60 59 58 57
4 56 -57 55 54
4 53 -54 52 51
4 50 -51 49 48
4 47 -48 46 45
4 44 -45 43 42
4 41 -42 40 39
4 38 -39 37 36
4 35 -36 34 33
4 32 -33 31 30
4 29 -30 28 27
4 26 -27 25 24
4 23 -24 22 21
4 20 -21 19 18
4 17 -18 16 15
4 14 -15 13 12
4 11 -12 10 9
4 8 -9 7 6
4 5 -6 4 3
4 2 -3 1 -59
20 -60 -56 -53 -50 -47 -44 -41 -38 -35 -32 -29 -26 -23 -20 -17 -14
   -11 -8 -5 -2
20 -4 -7 -10 -13 -16 -19 -22 -25 -28 -31 -34 -37 -40 -43 -46 -49
   -52 -55 -58 -1
0
0
