12
SH133-01
1
70
-1
6
0
0
0
1
0
0
NOPROGRAM
71
0
1
2
3
4
5
6
7
8
9
10
11
12
13
14
15
16
17
18
19
20
21
22
23
24
25
26
27
28
29
30
31
32
33
34
35
36
37
38
39
40
41
42
43
44
45
46
47
48
49
50
51
52
53
54
55
56
57
58
59
60
61
62
63
64
65
66
67
68
69
70
1
4
1
8
NACHI AW
0
0.03
2300 2300 5000
360 360 360
720 720 720
0.5 0.5 0.5
0 0
1 1 1 1 0.1 0.5 0
0 1 0 2 1 1 0 1
kin_rob_generic_NRU
none
none
6
1 1 1 1 1 1 1 1
Config_1
Config_2
Config_3
Config_4
Config_5
Config_6
Config_7
Config_8
1
mot_joint_0
mot_straight_0
mot_circular_0
mot_slew_0
mot_aux1_0
mot_aux2_0
0 0 0 0 0 0
0 0 0 0 0 0
0 90 0 0 0 0
1
0 90 0 0 0 0
=dof(1)
=dof(2)
=dof(3)
=dof(4)
=dof(5)
=dof(6)
1 2 3 4 5 6
18 -17 18 18 18 17
0 0 0 0 0 0
0 0 0 0 0 0
1 1 1
0 0 1 0
0 1 0 0
-1 0 0 0
0 0 0 1
1
1 0 0 0
0 1 0 0
0 0 1 0
0 0 0 1
1 0 0 0
0 1 0 0
0 0 1 0
0 0 0 1
1 0 0 0
0 1 0 0
0 0 1 0
0 0 0 1
1 0 0 0
0 1 0 0
0 0 1 0
0 0 0 1
1
1 0 0 0
0 1 0 0
0 0 1 0
0 0 0 1
0 0 0 0 0 0
0 0 0 0 0 0
0 0 0 0 0 0 0 0
-3.14159
0.174533
=ramp(dof(2)*DEG,75.7,-83,10,-57.4)*RAD
-6.28319
-2.35619
-6.28319
3.14159
2.61799
=ramp(dof(2)*DEG,150,180,125,205)*RAD
6.28319
2.35619
6.28319
100 90 95 195 200 260
180 180 180 180 180 180
0.5 0.5 0.5 0.5 0.5 0.5
0 0 0 0 0 0
0 0 0 0 0 0
35
6
0 0
*
*
*
*
*
*
*
*
*
*
DEFAULT
0
0
0
*
*
*
*
Home_1
0
*
Joint 1
Joint 2
Joint 3
Joint 4
Joint 5
Joint 6
Utool 1
Utool 2
Utool 3
Utool 4
Uframe 1
0 0 0
5
0.1 0.00174533
0 0 1.41088 0 0 0
0 1 1 0 1 0
1 2 3 4 5 6
0 0 0 0 0 0
-0.159232422709465 -5.525342557518795e-016 -0.9872411489486694 0
4.315367974072615e-008 1 -6.960270582112571e-009 0
0.9872411489486694 -4.371138828673793e-008 -0.159232422709465 0
0 0 0 1
-4.371138828673793e-008 -1 0 0
1 -4.371138828673793e-008 0 0
0 0 1 0
0 0 -6.451019726227969e-005 1
1 0 0 0
0 6.123031769111886e-017 -1 0
0 1 6.123031769111886e-017 0
0 -1.13686837721616e-013 -6.961081190993225e-030 1
0 0 -1.52588e-005 0 4.96941e-021 0
305 1110 1256.03 0 0 0
11
*NACHI-AW
*NACHI-AW
1 1 1 1 1 1
1 1 1 1 1 1
0 0 0 0
*
*
*
*
*
*
0
0
no_app_file
3
no_par_file
0 1 1 1
1
6
13 1 1 327684 0 0 
-1 -1
-1 -1 -1
-1 -1 -1
-1 -1 -1
7
0
0 267 0
Device Sequence Information
2
*
0
*
-1 1 1 262145 0 
-1 1
1 1 1
-1 -1 -1
-1 -1 -1
1 0 0 0
0 1 0 0
0 0 1 0
0 0 770 1
NACHI/sh166_01.0
0
0
0
10
0
*
*
*
*
*sh166_01.0
0
**BEGIN_ATTRIBUTES**
0
**END_ATTRIBUTES**
1
-1 1 1 262145 0 
-1 1
1 1 1
-1 -1 -1
-1 -1 -1
1 0 0 0
0 1 0 0
0 0 1 0
0 0 0 1
NACHI/sh166_01.1
2 5 18
1 1
0
10
0
*
*
*
*
*sh166_01.1
0
**BEGIN_ATTRIBUTES**
0
**END_ATTRIBUTES**
1
-1 1 1 262145 0 
-1 1
1 1 1
-1 -1 -1
-1 -1 -1
0 6.123031769111886e-017 -1 0
-1 0 0 0
0 1 6.123031769111886e-017 0
-79.499755859375 305.0000305175781 6.099999882280827e-005 1
NACHI/sh166_01.2
2 5 -17
1 2
0
10
0
*
*
*
*
*sh166_01.2
0
**BEGIN_ATTRIBUTES**
0
**END_ATTRIBUTES**
1
-1 1 1 262145 0 
-1 1
1 1 1
-1 -1 -1
-1 -1 -1
0.2336900383234024 0 -0.9723111987113953 0
0 1 0 0
0.9723111987113953 0 0.2336900383234024 0
-154.6997528076172 112.5002288818359 -31.1197509765625 1
NACHI/sh166_01.2a
2 5 17
0
1
=a=0.0298602;b=3.10424;-sasa(786.441,dof(2)+a-90*RAD,157.799)+b
10
0
*
*
*
*
*sh166_01.2a
0
**BEGIN_ATTRIBUTES**
0
**END_ATTRIBUTES**
01
-1 1 1 262145 0 
-1 1
1 1 1
-1 -1 -1
-1 -1 -1
0 0 -1 0
1 0 0 0
0 -1 0 0
0 42.99999618530273 1109.998291015625 1
NACHI/sh166_01.3
2 5 18
1 3
0
10
0
*
*
*
*
*sh166_01.3
0
**BEGIN_ATTRIBUTES**
0
**END_ATTRIBUTES**
1
-1 1 1 262145 0 
-1 1
1 1 1
-1 -1 -1
-1 -1 -1
1 0 0 0
0 0 -1 0
0 1 0 0
-200 1063.302978515625 122.4997634887695 1
NACHI/sh166_01.4
2 5 18
1 4
0
10
0
*
*
*
*
*sh166_01.4
0
**BEGIN_ATTRIBUTES**
0
**END_ATTRIBUTES**
1
-1 1 1 262145 0 
-1 1
1 1 1
-1 -1 -1
-1 -1 -1
1 0 0 0
0 0 1 0
0 -1 0 0
0 0 176.697021484375 1
NACHI/sh166_01.5
2 5 18
1 5
0
10
0
*
*
*
*
*sh166_01.5
0
**BEGIN_ATTRIBUTES**
0
**END_ATTRIBUTES**
1
-1 1 1 262145 0 
-1 1
1 1 1
-1 -1 -1
-1 -1 -1
1 0 0 0
0 1 0 0
0 0 1 0
0 0 0 1
NACHI/sh166_01.6
2 5 17
1 6
0
10
0
*
*
*
*
*sh166_01.6
0
**BEGIN_ATTRIBUTES**
0
**END_ATTRIBUTES**
000001
-1 1 1 262145 0 
-1 1
1 1 1
-1 -1 -1
-1 -1 -1
0 0.2337529957294464 -0.9722959995269775 0
-1 0 0 0
0 0.9722959995269775 0.2337529957294464 0
-191.9999542236328 -461.0309448242188 -178.0036010742188 1
NACHI/sh166_01.1a
2 5 17
0
1
=a=0.0298602;b=0.00749319;sasa(157.799,dof(2)+a-90*RAD,786.441)-b
10
0
*
*
*
*
*sh166_01.1a
0
**BEGIN_ATTRIBUTES**
0
**END_ATTRIBUTES**
0007
0
0
1
2
4
5
6
7
0
22
0
0
0
0
0
0
0
0
0
0
0
0
0
0
**BEGIN_ATTRIBUTES**
5
1
1
Robot Name
3 1 0 0
*SH133-01
**END_ATTRIBUTES**
