12
ST166-01
1
16
-1
6
0
0
0
1
0
0
NOPROGRAM
17
0
1
2
3
4
5
6
7
8
9
10
11
12
13
14
15
16
1
1
1
8
NACHI AW
0
0.016
2300 2300 11500
360 360 360
720 720 720
0.5 0.5 0.5
0 0
1 2300 1 0 0.1 0.5 0
0 0 0 2 1 2 1 1
kin_rob_generic_NRU
none
none
6
1 1 1 1 1 1 1 1
Config_1
Config_2
Config_3
Config_4
Config_5
Config_6
Config_7
Config_8
1
mot_joint_0
mot_straight_0
mot_circular_0
mot_slew_0
mot_aux1_0
mot_aux2_0
0 0 0 0 0 0
0 0 0 0 0 0
0 90 0 0 0 0
1
0 90 0 0 0 0
=dof(1)
=dof(2)
=dof(3)
=dof(4)
=dof(5)
=dof(6)
1 2 3 4 5 6
18 16 16 17 16 17
0 0 0 0 0 0
0 0 0 0 0 0
1 1 1
1 0 0 0
0 1 0 0
0 0 1 0
0 0 0 1
1
1 0 0 0
0 1 0 0
0 0 1 0
0 0 0 1
1
1 0 0 0
0 1 0 0
0 0 1 0
0 0 0 1
0 0 0 0 0 0
0 0 0 0 0 0
0 0 0 0 0 0 0 0
-3.14159
0.174533
=RAD*(ramp(dof(2)*DEG,67,-83,65,-81.9)+81.9+ramp(dof(2)*DEG,65,-81.9,60,-80.2)+80.2+ramp(dof(2)*DEG,60,-80.2,55,-79)+79+ramp(dof(2)*DEG,55,-79,50,-77.6)+77.6+ramp(dof(2)*DEG,50,-77.6,45,-76.1)+76.1+ramp(dof(2)*DEG,45,-76.1,40,-74.4)+74.4+ramp(dof(2)*DEG,40,-74.4,35,-72.4)+72.4+ramp(dof(2)*DEG,35,-72.4,30,-70.1)+70.1+ramp(dof(2)*DEG,30,-70.1,25,-67.5)+67.5+ramp(dof(2)*DEG,25,-67.5,20,-64.6)+64.6+ramp(dof(2)*DEG,20,-64.6,15,-61.2)+61.2+ramp(dof(2)*DEG,15,-61.2,10,-57.4))
-6.28319
-2.35619
-6.28319
3.14159
2.61799
1.5708
6.28319
2.35619
6.28319
100 90 95 150 150 120
104.851 156.99 131.207 470.971 366.12 1001.53
0.5 0.5 0.5 0.5 0.5 0.5
0 0 0 0 0 0
0 0 0 0 0 0
32
6
0 0
*
*
*
*
*
*
*
*
*
*
DEFAULT
0
0
0
*
*
*
*
Home_1
0
*
Joint 1
Joint 2
Joint 3
Joint 4
Joint 5
Joint 6
Utool 1
Uframe 1
0 0 0
5
0.1 0.00174533
0 4.29758e-008 1.41088 0 -3.14159 0
0 1 1 0 0 1
1 2 3 4 5 6
0 0 0 0 0 0
0.1592324525117874 1.433006634395681e-016 0.9872411489486694 0
-4.315367974072615e-008 -1 6.960271470290991e-009 0
0.9872411489486694 -4.371138828673793e-008 -0.1592324525117874 0
0 0 0 1
-4.371138828673793e-008 -1 0 0
1 -4.371138828673793e-008 0 0
0 0 1 0
0 0 5.827591013918276e-013 1
-4.371138828673793e-008 -6.123031769111886e-017 -1 0
1 -2.676462267591048e-024 -4.371138828673793e-008 0
-7.607423280329582e-032 -1 6.123031769111886e-017 0
0 9.558735655446071e-006 -5.852844055502525e-022 1
0 0 -1.3332e-005 0 1.4496e-012 0
305 1110 1256.03 2.36041e-005 -2.36041e-005 0
11
*NACHI-AW
*NACHI-AW
1 1 1 1 1 1
1 1 1 1 1 1
0 0 0 0
*
*
*
*
*
*
0
2
no_app_file
3
no_par_file
0 1 1 1
1
6
13 1 1 327684 0 0 
-1 -1
-1 -1 -1
-1 -1 -1
-1 -1 -1
7
0
0 267 0
Device Sequence Information
2
*
0
*
-1 1 1 262145 0 
-1 1
1 1 1
-1 -1 -1
-1 -1 -1
1 0 0 0
0 1 0 0
0 0 1 0
0 0 700 1
NACHI/ST166_01.0
0
0
0
10
0
*
*
*
*
*ST166_01.0
0
**BEGIN_ATTRIBUTES**
0
**END_ATTRIBUTES**
1
-1 1 1 262145 0 
-1 1
1 1 1
-1 -1 -1
-1 -1 -1
1 0 0 0
0 1 0 0
0 0 1 0
0 0 0 1
NACHI/ST166_01.1
2 5 18
1 1
0
10
0
*
*
*
*
*ST166_01.1
0
**BEGIN_ATTRIBUTES**
0
**END_ATTRIBUTES**
1
-1 1 1 262145 0 
-1 1
1 1 1
-1 -1 -1
-1 -1 -1
1 0 0 0
0 0.9904801249504089 0.1376560181379318 0
0 -0.1376560181379318 0.9904801249504089 0
-192.5 -263 -88.5599365234375 1
NACHI/ST166_01.1a
2 5 16
0
1
=-sasa(157.799,DOF(2)+0.043847-90*RAD,574.862)+0.016577
10
0
*
*
*
*
*ST166_01.1a
0
**BEGIN_ATTRIBUTES**
0
**END_ATTRIBUTES**
01
-1 1 1 262145 0 
-1 1
1 1 1
-1 -1 -1
-1 -1 -1
1 0 0 0
0 -4.371138828673793e-008 -1 0
0 1 -4.371138828673793e-008 0
0 305 0 1
NACHI/ST166_01.2
2 5 16
1 2
0
10
0
*
*
*
*
*ST166_01.2
0
**BEGIN_ATTRIBUTES**
0
**END_ATTRIBUTES**
1
-1 1 1 262145 0 
-1 1
1 1 1
-1 -1 -1
-1 -1 -1
1 0 0 0
0 1 0 0
0 0 1 0
0 0 1110 1
NACHI/ST166_01.3
2 5 16
1 3
0
10
0
*
*
*
*
*ST166_01.3
0
**BEGIN_ATTRIBUTES**
0
**END_ATTRIBUTES**
1
-1 1 1 262145 0 
-1 1
1 1 1
-1 -1 -1
-1 -1 -1
1 0 0 0
0 1 0 0
0 0 1 0
0 1240 200 1
NACHI/ST166_01.4
2 5 17
1 4
0
10
0
*
*
*
*
*ST166_01.4
0
**BEGIN_ATTRIBUTES**
0
**END_ATTRIBUTES**
1
-1 1 1 262145 0 
-1 1
1 1 1
-1 -1 -1
-1 -1 -1
1 0 0 0
0 1 0 0
0 0 1 0
0 0 0 1
NACHI/ST166_01.5
2 5 16
1 5
0
10
0
*
*
*
*
*ST166_01.5
0
**BEGIN_ATTRIBUTES**
0
**END_ATTRIBUTES**
1
-1 1 1 262145 0 
-1 1
1 1 1
-1 -1 -1
-1 -1 -1
1 0 0 0
0 1 0 0
0 0 1 0
0 0 0 1
NACHI/ST166_01.6
2 5 17
1 6
0
10
0
*
*
*
*
*ST166_01.6
0
**BEGIN_ATTRIBUTES**
0
**END_ATTRIBUTES**
00001
-1 1 1 262145 0 
-1 1
1 1 1
-1 -1 -1
-1 -1 -1
1 0 0 0
0 0.9904802441596985 0.137655034661293 0
0 -0.137655034661293 0.9904802441596985 0
-191.9999694824219 -154.699951171875 -31.11981201171875 1
NACHI/ST166_01.2a
2 5 16
0
1
=sasa(574.862,DOF(2)+0.043847-90*RAD,157.799)-3.08117
10
0
*
*
*
*
*ST166_01.2a
0
**BEGIN_ATTRIBUTES**
0
**END_ATTRIBUTES**
00007
0
0
1
3
4
5
6
7
0
22
0
0
0
0
0
0
0
0
0
0
0
0
0
0
**BEGIN_ATTRIBUTES**
5
1
1
Robot Name
3 1 0 0
*ST166-01
**END_ATTRIBUTES**
