12
PX1450-A20
1
16
-1
6
0
0
0
1
0
0
NOPROGRAM
17
0
1
2
3
4
5
6
7
8
9
10
11
12
13
14
15
16
1
1
1
2
MOTOMAN XRC
0
0.016
2000 2000 5000
360 360 360
720 720 720
0.5 0.5 0.5
0 0
1 1 1 1 0.1 0.5 0
0 1 0 2 0 2 0 1
kin_mot_px
none
none
6
1 1
Config_1
Config_2
0
mot_joint_motoman_0
mot_straight_motoman_0
mot_straight_motoman_0
mot_joint_motoman_0
mot_aux1_0
mot_aux2_0
0 0 0 0 0 0
0 0 0 0 0 0
0 90 0 0 0 0
1
0 90 0 0 0 0
=dof(1)
=dof(2)
=dof(3)
=dof(4)
=dof(5)
=dof(6)
1 2 3 4 5 6
18 -17 -17 16 18 16
0 0 0 0 0 0
0 0 0 0 0 0
1 1 1
0 0 1 0
0 -1 0 0
1 0 0 0
112.8628234863281 0 0 1
1
1 0 0 0
0 1 0 0
0 0 1 0
0 0 0 1
1
1 0 0 0
0 1 0 0
0 0 1 0
0 0 0 1
0 600 519.58 0 81.8893 60.284
0 300 245 13.7652 0 16.1772
0 0 0 0 0 0 0 0
=-90*RAD
=-10*RAD
=ramp(dof(2)*DEG,55,-84,-10,-70)*RAD
=-260*RAD
=-140*RAD
=-260*RAD
=90*RAD
=140*RAD
=73*RAD
=260*RAD
=140*RAD
=260*RAD
123.75 190.34 123.75 378 360 360
618.75 951.72 618.75 1890 1800 1800
0.5 0.5 0.5 0.5 0.5 0.5
0 0 0 0 0 0
0 0 0 0 0 0
32
6
0 0
*
*
*
*
*
*
*
*
*
*
DEFAULT
0
0
0
*
*
*
*
Home_1
0
*
Joint 1
Joint 2
Joint 3
Joint 4
Joint 5
Joint 6
Utool 1
Uframe 1
0 0 0
8
0.1 0.00174533
0 0 0 0 0 0
0 0 0 0 0 0
1 2 3 4 5 6
0 0 0 0 0 0
1 0 0 0
0 1 0 0
0 0 1 0
0 0 0 1
1 0 0 0
0 1 0 0
0 0 1 0
0 0 0 1
1 0 0 0
0 1 0 0
0 0 1 0
0 0 0 1
0 0 0 0 0 0
0 0 0 0 0 0
11
*MOT-MRC
*MOT-MRC
1 1 1 1 1 1
1 1 1 1 1 1
0 0 0 0
*
*
*
*
*
*
0
0
no_app_file
3
MOTOMAN/XRC/PX1450-A20.par
0 1 1 1
1
6
4 1 1 327684 0 0 
-1 -1
-1 -1 -1
-1 -1 -1
-1 -1 -1
7
0
0 267 0
Device Sequence Information
2
*
0
*
-1 1 1 262145 0 
-1 1
1 1 1
-1 -1 -1
-1 -1 -1
1 0 0 0
0 1 0 0
0 0 1 0
0 0 600 1
MOTOMAN/PX1450-A20.0
0
0
0
10
0
*
*
*
*
*PX1450-A20.0
0
**BEGIN_ATTRIBUTES**
0
**END_ATTRIBUTES**
1
-1 1 1 262145 0 
-1 1
1 1 1
-1 -1 -1
-1 -1 -1
1 0 0 0
0 1 0 0
0 0 1 0
0 0 0 1
MOTOMAN/PX1450-A20.1
2 5 18
1 1
0
10
0
*
*
*
*
*PX1450-A20.1
0
**BEGIN_ATTRIBUTES**
0
**END_ATTRIBUTES**
1
-1 1 1 262145 0 
-1 1
1 1 1
-1 -1 -1
-1 -1 -1
0 0 -1 0
0 1 0 0
1 0 0 0
300 0 2.956390562758315e-005 1
MOTOMAN/PX1450-A20.2
2 5 -17
1 2
0
10
0
*
*
*
*
*PX1450-A20.2
0
**BEGIN_ATTRIBUTES**
0
**END_ATTRIBUTES**
1
-1 1 1 262145 0 
-1 1
1 1 1
-1 -1 -1
-1 -1 -1
1 0 -4.371138828673793e-008 0
0 1 0 0
4.371138828673793e-008 0 1 0
-1.70530256582424e-013 0 600 1
MOTOMAN/PX1450-A20.3
2 5 -17
1 3
0
10
0
*
*
*
*
*PX1450-A20.3
0
**BEGIN_ATTRIBUTES**
0
**END_ATTRIBUTES**
1
-1 1 1 262145 0 
-1 1
1 1 1
-1 -1 -1
-1 -1 -1
1 0 0 0
0 1 0 0
0 0 1 0
519.5800170898438 0 245 1
MOTOMAN/PX1450-A20.4
2 5 16
1 4
0
10
0
*
*
*
*
*PX1450-A20.4
0
**BEGIN_ATTRIBUTES**
0
**END_ATTRIBUTES**
1
-1 1 1 262145 0 
-1 1
1 1 1
-1 -1 -1
-1 -1 -1
-0.5735761523246765 0 0.8191522359848023 0
0 -1 0 0
0.8191522359848023 0 0.5735761523246765 0
-0.0003359999973326922 0 13.76513671875 1
MOTOMAN/PX1450-A20.5
2 5 18
1 5
0
10
0
*
*
*
*
*PX1450-A20.5
0
**BEGIN_ATTRIBUTES**
0
**END_ATTRIBUTES**
1
-1 1 1 262145 0 
-1 1
1 1 1
-1 -1 -1
-1 -1 -1
0.3420210778713226 0 0.9396923184394836 0
0 1 0 0
-0.9396923184394836 0 0.3420210778713226 0
-56.332275390625 0 84.65632629394531 1
MOTOMAN/PX1450-A20.5a
2 5 -18
1 5
0
10
0
*
*
*
*
*PX1450-A20.5a
0
**BEGIN_ATTRIBUTES**
0
**END_ATTRIBUTES**
1
-1 1 1 262145 0 
-1 1
1 1 1
-1 -1 -1
-1 -1 -1
0.5735761523246765 0 0.8191522359848023 0
0 -1 0 0
0.8191522359848023 0 -0.5735761523246765 0
-13.25167083740234 -9.999999974752427e-007 9.278912544250488 1
MOTOMAN/PX1450-A20.6
2 5 16
1 6
0
10
0
*
*
*
*
*PX1450-A20.6
0
**BEGIN_ATTRIBUTES**
0
**END_ATTRIBUTES**
000000007
0
0
1
2
3
4
5
7
0
22
0
0
0
0
0
0
0
0
0
0
0
0
0
0
**BEGIN_ATTRIBUTES**
5
1
1
Robot Name
3 1 0 0
*PX1450-A20
**END_ATTRIBUTES**
