12
UP400R-A00
1
16
-1
6
0
0
0
1
0
0
NOPROGRAM
17
0
1
2
3
4
5
6
7
8
9
10
11
12
13
14
15
16
1
1
1
8
MOTOMAN XRC
0
0
1600 1600 5000
360 360 360
720 720 720
0.5 0.5 0.5
0 0
1 1 1 0 0.1 0.5 0
0 1 0 2 0 2 0 1
kin_rob_generic_MRU
none
none
6
1 1 1 1 1 1 1 1
Config_1
Config_2
Config_3
Config_4
Config_5
Config_6
Config_7
Config_8
1
mot_joint_motoman_0
mot_straight_motoman_0
mot_straight_motoman_0
mot_joint_motoman_0
mot_aux1_0
mot_aux2_0
0 0 0 0 0 0
0 0 0 0 0 0
0 0 -90 0 0 0
1
0 0 -90 0 0 0
=dof(1)
=dof(2)
=-dof(3)+dof(2)
=dof(4)
=dof(5)
=dof(6)
1 2 3 4 5 6
18 -17 17 17 16 17
0 0 0 0 0 0
0 0 0 0 0 0
1 1 1
0 0 1 0
1 0 0 0
0 1 0 0
0 255 0 1
1
1 0 0 0
0 1 0 0
0 0 1 0
0 0 0 1
1
1 0 0 0
0 1 0 0
0 0 1 0
0 0 0 1
0 0 0 0 0 0
0 0 0 0 0 0
0 0 0 0 0 0 0 0
-2.61799
-0.349066
=ramp(dof(2)*DEG,60,-99,122,-37)*RAD
-6.28319
-2.0944
-6.28319
2.61799
2.1293
=ramp(dof(2)*DEG,-20,-37,47,30)*RAD
6.28319
2.0944
6.28319
80 80 80 80 80 160
160 100 53 160 267 457
0.5 0.5 0.5 0.5 0.5 0.5
0 0 0 0 0 0
0 0 0 0 0 0
32
6
0 0
*
*
*
*
*
*
*
*
*
*
DEFAULT
0
0
0
*
*
*
*
Home_1
0
*
Joint 1
Joint 2
Joint 3
Joint 4
Joint 5
Joint 6
Utool 1
Uframe 1
0 0 0
5
0.1 0.00174533
0 0 -0.116565 0 -3.14159 0
0 1 0 0 0 1
1 2 3 4 5 6
0 0 0 0 0 0
0.1163013875484467 3.05913360439179e-017 0.993213951587677 0
-4.341476156355384e-008 -1 5.083695242547037e-009 0
0.993213951587677 -4.371138828673793e-008 -0.1163013875484467 0
0 0 0 1
1 0 0 0
0 1 0 0
0 0 1 0
0 0 0 1
-4.371138828673793e-008 -6.123031769111886e-017 -1 0
1 -2.676462267591048e-024 -4.371138828673793e-008 0
-7.607423280329582e-032 -1 6.123031769111886e-017 0
0 -4.547473508864641e-013 2.78443247639729e-029 1
0 0 -1.30727e-013 0 -4.96941e-020 0
280 1100 2149.59 -6.82121e-013 6.82121e-013 0
11
*MOT-MRC
*MOT-MRC
1 1 1 1 1 1
1 1 1 1 1 1
0 0 0 0
*
*
*
*
*
*
0
0
no_app_file
3
MOTOMAN/XRC/UP400R-A00.par
0 1 1 1
1
6
10 1 1 327684 0 0 
-1 -1
-1 -1 -1
-1 -1 -1
-1 -1 -1
7
0
0 267 0
Device Sequence Information
2
*
0
*
-1 1 1 262145 0 
-1 1
1 1 1
-1 -1 -1
-1 -1 -1
1 0 0 0
0 1 0 0
0 0 1 0
0 0 1000 1
MOTOMAN/UP400R-A00.0
0
0
0
10
0
*
*
*
*
*UP400R-A00.0
0
**BEGIN_ATTRIBUTES**
0
**END_ATTRIBUTES**
1
-1 1 1 262145 0 
-1 1
1 1 1
-1 -1 -1
-1 -1 -1
1 0 0 0
0 1 0 0
0 0 1 0
0 0 0 1
MOTOMAN/UP400R-A00.1
2 5 18
1 1
0
10
0
*
*
*
*
*UP400R-A00.1
0
**BEGIN_ATTRIBUTES**
0
**END_ATTRIBUTES**
1
-1 1 1 262145 0 
-1 1
1 1 1
-1 -1 -1
-1 -1 -1
1 0 0 0
0 1 0 0
0 0 1 0
280 0 0 1
MOTOMAN/UP400R-A00.2
2 5 -17
1 2
0
10
0
*
*
*
*
*UP400R-A00.2
0
**BEGIN_ATTRIBUTES**
0
**END_ATTRIBUTES**
1
-1 1 1 262145 0 
-1 1
1 1 1
-1 -1 -1
-1 -1 -1
-1.836909530733566e-016 0 1 0
0 1 0 0
-1 0 -1.836909530733566e-016 0
1100 0 0 1
MOTOMAN/UP400R-A00.3
2 5 17
0
1
=-dof(3)+DOF(2)
10
0
*
*
*
*
*UP400R-A00.3
0
**BEGIN_ATTRIBUTES**
0
**END_ATTRIBUTES**
1
-1 1 1 262145 0 
-1 1
1 1 1
-1 -1 -1
-1 -1 -1
0 -1 0 0
0 0 -1 0
1 0 0 0
250 0 -2135 1
MOTOMAN/UP400R-A00.4
2 5 17
1 4
0
10
0
*
*
*
*
*UP400R-A00.4
0
**BEGIN_ATTRIBUTES**
0
**END_ATTRIBUTES**
1
-1 1 1 262145 0 
-1 1
1 1 1
-1 -1 -1
-1 -1 -1
1 0 0 0
0 1 0 0
0 0 1 0
0 0 0 1
MOTOMAN/UP400R-A00.5
2 5 16
1 5
0
10
0
*
*
*
*
*UP400R-A00.5
0
**BEGIN_ATTRIBUTES**
0
**END_ATTRIBUTES**
1
-1 1 1 262145 0 
-1 1
1 1 1
-1 -1 -1
-1 -1 -1
1 0 0 0
0 1 0 0
0 0 1 0
0 0 0 1
MOTOMAN/UP400R-A00.6
2 5 17
1 6
0
10
0
*
*
*
*
*UP400R-A00.6
0
**BEGIN_ATTRIBUTES**
0
**END_ATTRIBUTES**
0001
-1 1 1 262145 0 
-1 1
1 1 1
-1 -1 -1
-1 -1 -1
1.947071837093972e-007 0 -1 0
0 1 0 0
1 0 1.947071837093972e-007 0
0 0 500 1
MOTOMAN/UP400R-A00.3a
2 5 17
0
1
=dof(3)-DOF(2)
10
0
*
*
*
*
*UP400R-A00.3a
0
**BEGIN_ATTRIBUTES**
0
**END_ATTRIBUTES**
001
-1 1 1 262145 0 
-1 1
1 1 1
-1 -1 -1
-1 -1 -1
-0.5591895580291748 0 0.8290398716926575 0
0 1 0 0
-0.8290398716926575 0 -0.5591895580291748 0
-123.0223693847656 235.2055816650391 182.3885498046875 1
MOTOMAN/UP400R-A00.2a
2 5 17
0
1
=sasa(600,56.0002*RAD-dof(2),220)
10
0
*
*
*
*
*UP400R-A00.2a
0
**BEGIN_ATTRIBUTES**
0
**END_ATTRIBUTES**
01
-1 1 1 262145 0 
-1 1
1 1 1
-1 -1 -1
-1 -1 -1
1 0 -0.0001555750204715878 0
0 1 0 0
0.0001555750204715878 0 1 0
1137.999877929688 0 -151.0005340576172 1
MOTOMAN/UP400R-A00.2b
2 5 17
0
1
=-12.9544*RAD+sasa(257.774,80.9687*RAD-dof(2),1147.97)
10
0
*
*
*
*
*UP400R-A00.2b
0
**BEGIN_ATTRIBUTES**
0
**END_ATTRIBUTES**
001
-1 1 1 262145 0 
-1 1
1 1 1
-1 -1 -1
-1 -1 -1
0.7448703050613403 0 -0.667209267616272 0
0 1 0 0
0.667209267616272 0 0.7448703050613403 0
-320 0 7.62939453125e-006 1
MOTOMAN/UP400R-A00.1a
2 5 17
0
1
=-20.926*RAD-sasa(220,56.0002*RAD-dof(2),600)
10
0
*
*
*
*
*UP400R-A00.1a
0
**BEGIN_ATTRIBUTES**
0
**END_ATTRIBUTES**
01
-1 1 1 262145 0 
-1 1
1 1 1
-1 -1 -1
-1 -1 -1
-0.2194275557994843 0 -0.9756287932395935 0
0 1 0 0
0.9756287932395935 0 -0.2194275557994843 0
353.6059875488281 0 247.0400238037109 1
MOTOMAN/UP400R-A00.1b
2 5 17
0
1
=-86.0858*RAD-sasa(1147.97,80.9687*RAD-dof(2),257.774)
10
0
*
*
*
*
*UP400R-A00.1b
0
**BEGIN_ATTRIBUTES**
0
**END_ATTRIBUTES**
01
-1 1 1 262145 0 
-1 1
1 1 1
-1 -1 -1
-1 -1 -1
1.947071837093972e-007 0 1 0
0 1 0 0
-1 0 1.947071837093972e-007 0
280 0 -9.094947017729282e-013 1
MOTOMAN/UP400R-A00.1c
2 5 -17
1 3
0
10
0
*
*
*
*
*UP400R-A00.1c
0
**BEGIN_ATTRIBUTES**
0
**END_ATTRIBUTES**
0006
0
0
1
2
3
4
5
6
0
22
0
0
0
0
0
0
0
0
0
0
0
0
0
0
**BEGIN_ATTRIBUTES**
5
1
1
Robot Name
3 1 0 0
*UP400R-A00
**END_ATTRIBUTES**
