11
0
0
0
5
6
40
325.261322 105.683823 -569.000000
325.261322 105.683823 -603.000000
276.683807 201.022583 -569.000000
276.683807 201.022583 -603.000000
201.022552 276.683807 -569.000000
201.022552 276.683807 -603.000000
105.683800 325.261322 -569.000000
105.683815 325.261322 -603.000000
-0.000002 342.000000 -569.000000
-0.000002 342.000000 -603.000000
-105.683830 325.261322 -569.000000
-105.683815 325.261322 -603.000000
-201.022537 276.683838 -569.000000
-201.022552 276.683838 -603.000000
-276.683838 201.022552 -569.000000
-276.683807 201.022552 -603.000000
-325.261322 105.683830 -569.000000
-325.261322 105.683830 -603.000000
-342.000000 0.000009 -569.000000
-342.000000 0.000009 -603.000000
-325.261322 -105.683800 -569.000000
-325.261322 -105.683800 -603.000000
-276.683777 -201.022568 -569.000000
-276.683807 -201.022568 -603.000000
-201.022491 -276.683868 -569.000000
-201.022552 -276.683868 -603.000000
-105.683853 -325.261322 -569.000000
-105.683815 -325.261322 -603.000000
-0.000002 -342.000000 -569.000000
-0.000002 -342.000000 -603.000000
105.683861 -325.261322 -569.000000
105.683815 -325.261322 -603.000000
201.022491 -276.683868 -569.000000
201.022552 -276.683868 -603.000000
276.683807 -201.022568 -569.000000
276.683807 -201.022568 -603.000000
325.261322 -105.683792 -569.000000
325.261322 -105.683792 -603.000000
342.000000 0.000009 -569.000000
342.000000 0.000009 -603.000000
0
21
4 39 1 0 38
4 1 3 2 0
4 3 5 4 2
4 5 7 6 4
4 7 9 8 6
4 9 11 10 8
4 11 13 12 10
4 13 15 14 12
4 15 17 16 14
4 17 19 18 16
4 19 21 20 18
4 21 23 22 20
4 23 25 24 22
4 25 27 26 24
4 27 29 28 26
4 29 31 30 28
4 31 33 32 30
4 33 35 34 32
4 35 37 36 34
4 37 39 38 36
20 38 0 2 4 6 8 10 12 14 16 18 20 22 24 26 28
   30 32 34 36
0
0
6
40
395.000000 0.000007 -625.000000
395.000000 0.000007 -603.000000
375.667328 -122.061691 -625.000000
375.667328 -122.061691 -603.000000
319.561707 -232.175201 -625.000000
319.561707 -232.175201 -603.000000
232.175171 -319.561768 -625.000000
232.175110 -319.561768 -603.000000
122.061714 -375.667297 -625.000000
122.061768 -375.667297 -603.000000
0.000001 -395.000000 -625.000000
0.000001 -395.000000 -603.000000
-122.061714 -375.667297 -625.000000
-122.061760 -375.667297 -603.000000
-232.175171 -319.561768 -625.000000
-232.175095 -319.561768 -603.000000
-319.561707 -232.175201 -625.000000
-319.561676 -232.175201 -603.000000
-375.667328 -122.061699 -625.000000
-375.667328 -122.061699 -603.000000
-395.000000 0.000007 -625.000000
-395.000000 0.000007 -603.000000
-375.667328 122.061737 -625.000000
-375.667328 122.061737 -603.000000
-319.561707 232.175156 -625.000000
-319.561737 232.175156 -603.000000
-232.175171 319.561737 -625.000000
-232.175156 319.561737 -603.000000
-122.061714 375.667328 -625.000000
-122.061729 375.667328 -603.000000
0.000001 395.000000 -625.000000
0.000001 395.000000 -603.000000
122.061714 375.667328 -625.000000
122.061699 375.667328 -603.000000
232.175171 319.561707 -625.000000
232.175171 319.561707 -603.000000
319.561707 232.175186 -625.000000
319.561707 232.175186 -603.000000
375.667328 122.061722 -625.000000
375.667328 122.061722 -603.000000
0
21
4 0 38 39 1
4 38 36 37 39
4 36 34 35 37
4 34 32 33 35
4 32 30 31 33
4 30 28 29 31
4 28 26 27 29
4 26 24 25 27
4 24 22 23 25
4 22 20 21 23
4 20 18 19 21
4 18 16 17 19
4 16 14 15 17
4 14 12 13 15
4 12 10 11 13
4 10 8 9 11
4 8 6 7 9
4 6 4 5 7
4 4 2 3 5
4 2 0 1 3
20 1 39 37 35 33 31 29 27 25 23 21 19 17 15 13 11
   9 7 5 3
0
0
6
40
425.000000 0.000000 -873.000000
425.000000 0.000000 -625.000000
404.199005 -131.332199 -873.000000
404.199036 -131.332199 -625.000000
343.832214 -249.808762 -873.000000
343.832214 -249.808762 -625.000000
249.808731 -343.832275 -873.000000
249.808655 -343.832275 -625.000000
131.332230 -404.199005 -873.000000
131.332275 -404.199005 -625.000000
0.000000 -425.000000 -873.000000
0.000000 -425.000000 -625.000000
-131.332230 -404.199005 -873.000000
-131.332275 -404.199005 -625.000000
-249.808731 -343.832275 -873.000000
-249.808655 -343.832275 -625.000000
-343.832214 -249.808762 -873.000000
-343.832184 -249.808762 -625.000000
-404.199005 -131.332214 -873.000000
-404.199036 -131.332214 -625.000000
-425.000000 0.000000 -873.000000
-425.000000 0.000000 -625.000000
-404.199005 131.332245 -873.000000
-404.199005 131.332245 -625.000000
-343.832214 249.808701 -873.000000
-343.832245 249.808701 -625.000000
-249.808731 343.832245 -873.000000
-249.808716 343.832245 -625.000000
-131.332230 404.199005 -873.000000
-131.332245 404.199005 -625.000000
0.000000 425.000000 -873.000000
0.000000 425.000000 -625.000000
131.332230 404.199036 -873.000000
131.332214 404.199036 -625.000000
249.808731 343.832214 -873.000000
249.808716 343.832214 -625.000000
343.832214 249.808731 -873.000000
343.832214 249.808731 -625.000000
404.199005 131.332230 -873.000000
404.199005 131.332230 -625.000000
0
21
4 0 38 39 1
4 38 36 37 39
4 36 34 35 37
4 34 32 33 35
4 32 30 31 33
4 30 28 29 31
4 28 26 27 29
4 26 24 25 27
4 24 22 23 25
4 22 20 21 23
4 20 18 19 21
4 18 16 17 19
4 16 14 15 17
4 14 12 13 15
4 12 10 11 13
4 10 8 9 11
4 8 6 7 9
4 6 4 5 7
4 4 2 3 5
4 2 0 1 3
20 1 39 37 35 33 31 29 27 25 23 21 19 17 15 13 11
   9 7 5 3
0
0
6
8
-520.000000 -199.999847 -900.000000
-375.000000 -199.999847 -900.000000
-375.000000 200.000153 -900.000000
-520.000000 200.000153 -900.000000
-520.000000 -199.999847 -625.000000
-520.000000 200.000153 -625.000000
-375.000000 200.000153 -625.000000
-375.000000 -199.999847 -625.000000
0
6
4 0 3 2 1
4 4 7 6 5
4 3 0 4 5
4 2 3 5 6
4 1 2 6 7
4 0 1 7 4
0
0
6
16
-430.000000 330.000000 -900.000000
-330.000000 430.000000 -900.000000
330.000000 430.000000 -900.000000
430.000000 330.000000 -900.000000
430.000000 -330.000000 -900.000000
330.000000 -430.000000 -900.000000
-330.000000 -430.000000 -900.000000
-430.000000 -330.000000 -900.000000
-430.000000 330.000000 -873.000000
-330.000000 430.000000 -873.000000
330.000000 430.000000 -873.000000
430.000000 330.000000 -873.000000
430.000000 -330.000000 -873.000000
330.000000 -430.000000 -873.000000
-330.000000 -430.000000 -873.000000
-430.000000 -330.000000 -873.000000
0
10
4 1 0 8 9
4 2 1 9 10
4 3 2 10 11
4 4 3 11 12
4 5 4 12 13
4 6 5 13 14
4 7 6 14 15
4 0 7 15 8
8 0 1 2 3 4 5 6 7
8 8 15 14 13 12 11 10 9
0
0
