11
0
0
0
5
-2
50
111.081467 -135.000000 29.764191
111.081467 -75.000000 29.764191
99.592918 -135.000000 57.500000
99.592918 -75.000000 57.500000
81.317276 -135.000000 81.317284
81.317276 -75.000000 81.317284
57.499996 -135.000000 99.592926
57.499996 -75.000000 99.592926
29.764193 -135.000000 111.081467
29.764193 -75.000000 111.081467
0.000000 -135.000000 115.000000
0.000000 -75.000000 115.000000
-29.764189 -135.000000 111.081467
-29.764189 -75.000000 111.081467
-57.500008 -135.000000 99.592918
-57.500008 -75.000000 99.592918
-81.317284 -135.000000 81.317276
-81.317284 -75.000000 81.317276
-99.592918 -135.000000 57.500004
-99.592918 -75.000000 57.500004
-111.081467 -135.000000 29.764200
-111.081467 -75.000000 29.764200
-115.000000 -135.000000 0.000000
-115.000000 -75.000000 0.000000
-111.081467 -135.000000 -29.764194
-111.081467 -75.000000 -29.764194
-99.592926 -135.000000 -57.500000
-99.592926 -75.000000 -57.500000
-81.317284 -135.000000 -81.317276
-81.317284 -75.000000 -81.317276
-57.499989 -135.000000 -99.592926
-57.499989 -75.000000 -99.592926
-29.764183 -135.000000 -111.081474
-29.764183 -75.000000 -111.081474
0.000000 -135.000000 -115.000000
0.000000 -75.000000 -115.000000
29.764185 -135.000000 -111.081474
29.764185 -75.000000 -111.081474
57.499992 -135.000000 -99.592926
57.499992 -75.000000 -99.592926
81.317268 -135.000000 -81.317291
81.317268 -75.000000 -81.317291
99.592911 -135.000000 -57.500019
99.592911 -75.000000 -57.500019
111.081474 -135.000000 -29.764166
111.081474 -75.000000 -29.764166
115.000000 -135.000000 0.000000
115.000000 -75.000000 0.000000
86.164703 -75.000000 -75.000000
86.164696 -75.000000 75.000008
0
26
4 45 47 46 44
4 43 45 44 42
4 41 43 42 40
4 39 41 40 38
4 37 39 38 36
4 35 37 36 34
4 33 35 34 32
4 31 33 32 30
4 29 31 30 28
4 27 29 28 26
4 25 27 26 24
4 23 25 24 22
4 21 23 22 20
4 19 21 20 18
4 17 19 18 16
4 15 17 16 14
4 13 15 14 12
4 11 13 12 10
4 9 11 10 8
4 7 9 8 6
4 5 7 6 4
4 3 5 4 2
4 1 3 2 0
4 47 1 0 46
24 46 0 2 4 6 8 10 12 14 16 18 20 22 24 26 28
   30 32 34 36 38 40 42 44
21 48 41 39 37 35 33 31 29 27 25 23 21 19 17 15 13
   11 9 7 5 49
0
0
-2
8
170.000000 75.000000 75.000000
170.000000 75.000000 -75.000000
170.000000 -75.000000 -75.000000
170.000000 -75.000000 75.000000
130.000000 75.000000 75.000000
130.000000 -75.000000 75.000000
130.000000 -75.000000 -75.000000
130.000000 75.000000 -75.000000
0
4
4 1 2 6 7
4 3 0 4 5
4 4 7 6 5
4 0 3 2 1
0
0
-2
8
170.000000 -75.000000 -75.000000
170.000000 -75.000000 75.000000
170.000000 -95.000000 75.000000
170.000000 -95.000000 -75.000000
86.164696 -75.000000 75.000000
86.164688 -95.000000 75.000000
86.164703 -75.000000 -75.000000
86.164703 -95.000000 -75.000000
0
5
4 0 1 2 3
4 1 4 5 2
4 6 0 3 7
4 4 1 0 6
4 5 7 3 2
0
0
-2
48
220.000000 0.000000 -75.000000
170.000000 0.000000 -75.000000
220.000000 19.411415 -72.444443
170.000000 19.411415 -72.444443
220.000000 37.500015 -64.951897
170.000000 37.500015 -64.951897
220.000000 53.033020 -53.033001
170.000000 53.033020 -53.033001
220.000000 64.951920 -37.499992
170.000000 64.951920 -37.499992
220.000000 72.444443 -19.411425
170.000000 72.444443 -19.411425
220.000000 75.000000 0.000000
170.000000 75.000000 0.000000
220.000000 72.444427 19.411425
170.000000 72.444427 19.411425
220.000000 64.951904 37.499992
170.000000 64.951904 37.499992
220.000000 53.033005 53.033012
170.000000 53.033005 53.033012
220.000000 37.500000 64.951904
170.000000 37.500000 64.951904
220.000000 19.411430 72.444435
170.000000 19.411430 72.444435
220.000000 0.000000 75.000000
170.000000 0.000000 75.000000
220.000000 -19.411438 72.444435
170.000000 -19.411438 72.444435
220.000000 -37.500004 64.951904
170.000000 -37.500004 64.951904
220.000000 -53.033009 53.033009
170.000000 -53.033009 53.033009
220.000000 -64.951904 37.500004
170.000000 -64.951904 37.500004
220.000000 -72.444435 19.411428
170.000000 -72.444435 19.411428
220.000000 -75.000000 0.000000
170.000000 -75.000000 0.000000
220.000000 -72.444435 -19.411430
170.000000 -72.444435 -19.411430
220.000000 -64.951904 -37.500000
170.000000 -64.951904 -37.500000
220.000000 -53.033009 -53.033009
170.000000 -53.033009 -53.033009
220.000000 -37.500000 -64.951904
170.000000 -37.500000 -64.951904
220.000000 -19.411427 -72.444435
170.000000 -19.411427 -72.444435
0
25
4 2 0 1 3
4 4 2 3 5
4 6 4 5 7
4 8 6 7 9
4 10 8 9 11
4 12 10 11 13
4 14 12 13 15
4 16 14 15 17
4 18 16 17 19
4 20 18 19 21
4 22 20 21 23
4 24 22 23 25
4 26 24 25 27
4 28 26 27 29
4 30 28 29 31
4 32 30 31 33
4 34 32 33 35
4 36 34 35 37
4 38 36 37 39
4 40 38 39 41
4 42 40 41 43
4 44 42 43 45
4 46 44 45 47
4 0 46 47 1
24 0 2 4 6 8 10 12 14 16 18 20 22 24 26 28 30
   32 34 36 38 40 42 44 46
0
0
-2
36
-46.193848 104.000000 64.925598
-79.348633 104.000000 38.167778
-79.348633 75.000000 38.167778
-46.193848 75.000000 64.925598
-82.057373 104.000000 35.144318
-82.057373 75.000000 35.144318
-83.799316 104.000000 31.310341
-83.799316 75.000000 31.310341
-84.400146 104.000000 27.049950
-84.400146 75.000000 27.049950
-84.400146 104.000000 -27.049950
-84.400146 75.000000 -27.049950
-83.799316 104.000000 -31.310341
-83.799316 75.000000 -31.310341
-82.057373 104.000000 -35.144321
-82.057373 75.000000 -35.144321
-79.348633 104.000000 -38.167782
-79.348633 75.000000 -38.167782
-46.193726 104.000000 -64.925591
-46.193726 75.000000 -64.925591
141.000076 104.000000 75.000000
-18.400146 104.000000 75.000000
-18.400146 75.000000 75.000000
170.000000 75.000000 75.000000
141.000076 104.000000 -75.000000
-18.400146 104.000000 -75.000000
-28.211182 104.000000 -73.848381
-37.608032 104.000000 -70.442337
-37.608032 104.000000 70.442337
-28.211182 104.000000 73.848373
170.000000 75.000000 -75.000000
-18.400146 75.000000 -75.000000
-28.211182 75.000000 73.848373
-37.608032 75.000000 70.442337
-37.608032 75.000000 -70.442337
-28.211182 75.000000 -73.848381
0
20
4 26 25 31 35
4 27 26 35 34
4 18 27 34 19
4 28 0 3 33
4 29 28 33 32
4 21 29 32 22
4 30 24 20 23
4 25 24 30 31
4 20 21 22 23
4 16 18 19 17
4 14 16 17 15
4 12 14 15 13
4 10 12 13 11
4 8 10 11 9
4 6 8 9 7
4 4 6 7 5
4 1 4 5 2
4 0 1 2 3
18 23 22 32 33 3 2 5 7 9 11 13 15 17 19 34 35
   31 30
18 24 25 26 27 18 16 14 12 10 8 6 4 1 0 28 29
   21 20
0
0
