11
1
1.000000 0.000000 0.000000
0.000000 1.000000 0.000000
0.000000 0.000000 1.000000
1260.000000 0.000000 10.000000
0
0
17
-2
48
-49.434448 -174.408066 -184.491837
-49.434448 -184.408066 -184.491837
-95.500000 -174.408066 -165.410858
-95.500000 -184.408066 -165.410858
-135.057404 -174.408066 -135.057388
-135.057404 -184.408066 -135.057388
-165.410858 -174.408066 -95.499992
-165.410858 -184.408066 -95.499992
-184.491821 -174.408066 -49.434448
-184.491821 -184.408066 -49.434448
-191.000000 -174.408066 0.000000
-191.000000 -184.408066 0.000000
-184.491821 -174.408066 49.434448
-184.491821 -184.408066 49.434448
-165.410828 -174.408066 95.500000
-165.410828 -184.408066 95.500000
-135.057388 -174.408066 135.057404
-135.057388 -184.408066 135.057404
-95.500000 -174.408066 165.410828
-95.500000 -184.408066 165.410828
-49.434448 -174.408066 184.491821
-49.434448 -184.408066 184.491821
0.000000 -174.408066 191.000000
0.000000 -184.408066 191.000000
49.434444 -174.408066 184.491821
49.434444 -184.408066 184.491821
95.500000 -174.408066 165.410858
95.500000 -184.408066 165.410858
135.057388 -174.408066 135.057404
135.057388 -184.408066 135.057404
165.410858 -174.408066 95.499969
165.410858 -184.408066 95.499969
184.491837 -174.408066 49.434418
184.491837 -184.408066 49.434418
191.000000 -174.408066 0.000000
191.000000 -184.408066 0.000000
184.491837 -174.408066 -49.434433
184.491837 -184.408066 -49.434433
165.410858 -174.408066 -95.499985
165.410858 -184.408066 -95.499985
135.057419 -174.408066 -135.057373
135.057419 -184.408066 -135.057373
95.500031 -174.408066 -165.410828
95.500031 -184.408066 -165.410828
49.434395 -174.408066 -184.491837
49.434395 -184.408066 -184.491837
0.000000 -174.408066 -191.000000
0.000000 -184.408066 -191.000000
0
25
4 47 1 0 46
4 1 3 2 0
4 3 5 4 2
4 5 7 6 4
4 7 9 8 6
4 9 11 10 8
4 11 13 12 10
4 13 15 14 12
4 15 17 16 14
4 17 19 18 16
4 19 21 20 18
4 21 23 22 20
4 23 25 24 22
4 25 27 26 24
4 27 29 28 26
4 29 31 30 28
4 31 33 32 30
4 33 35 34 32
4 35 37 36 34
4 37 39 38 36
4 39 41 40 38
4 41 43 42 40
4 43 45 44 42
4 45 47 46 44
24 47 45 43 41 39 37 35 33 31 29 27 25 23 21 19 17
   15 13 11 9 7 5 3 1
0
0
-2
48
-45.293335 -184.408066 -169.037018
-87.500000 -184.408066 -151.554443
-123.743690 -184.408066 -123.743683
-151.554443 -184.408066 -87.499992
-169.037018 -184.408066 -45.293335
-175.000000 -184.408066 0.000000
-169.037018 -184.408066 45.293331
-151.554443 -184.408066 87.500008
-123.743683 -184.408066 123.743690
-87.500008 -184.408066 151.554443
-45.293350 -184.408066 169.037018
0.000000 -184.408066 175.000000
45.293339 -184.408066 169.037018
87.500000 -184.408066 151.554443
123.743675 -184.408066 123.743698
151.554459 -184.408066 87.499985
169.037018 -184.408066 45.293324
175.000000 -184.408066 0.000000
169.037018 -184.408066 -45.293327
151.554459 -184.408066 -87.499985
123.743706 -184.408066 -123.743668
87.500031 -184.408066 -151.554428
45.293293 -184.408066 -169.037033
0.000000 -184.408066 -175.000000
0.000000 -234.408066 -175.000000
45.293293 -234.408066 -169.037033
87.500031 -234.408066 -151.554428
123.743706 -234.408066 -123.743668
151.554459 -234.408066 -87.499985
169.037018 -234.408066 -45.293327
175.000000 -234.408066 0.000000
169.037018 -234.408066 45.293324
151.554459 -234.408066 87.499985
123.743675 -234.408066 123.743698
87.500000 -234.408066 151.554443
45.293339 -234.408066 169.037018
0.000000 -234.408066 175.000000
-45.293350 -234.408066 169.037018
-87.500008 -234.408066 151.554443
-123.743683 -234.408066 123.743690
-151.554443 -234.408066 87.500008
-169.037018 -234.408066 45.293331
-175.000000 -234.408066 0.000000
-169.037018 -234.408066 -45.293335
-151.554443 -234.408066 -87.499992
-123.743690 -234.408066 -123.743683
-87.500000 -234.408066 -151.554443
-45.293335 -234.408066 -169.037018
0
25
24 24 25 26 27 28 29 30 31 32 33 34 35 36 37 38 39
   40 41 42 43 44 45 46 47
4 0 23 24 47
4 1 0 47 46
4 2 1 46 45
4 3 2 45 44
4 4 3 44 43
4 5 4 43 42
4 6 5 42 41
4 7 6 41 40
4 8 7 40 39
4 9 8 39 38
4 10 9 38 37
4 11 10 37 36
4 12 11 36 35
4 13 12 35 34
4 14 13 34 33
4 15 14 33 32
4 16 15 32 31
4 17 16 31 30
4 18 17 30 29
4 19 18 29 28
4 20 19 28 27
4 21 20 27 26
4 22 21 26 25
4 23 22 25 24
0
0
-2
48
0.000000 -174.408066 -191.000000
0.000000 -154.408066 -150.000000
49.434395 -174.408066 -184.491837
38.822823 -154.408066 -144.888885
95.500031 -174.408066 -165.410828
75.000023 -154.408066 -129.903793
135.057419 -174.408066 -135.057373
106.066032 -154.408066 -106.066002
165.410858 -174.408066 -95.499985
129.903824 -154.408066 -74.999985
184.491837 -174.408066 -49.434433
144.888870 -154.408066 -38.822845
191.000000 -174.408066 0.000000
150.000000 -154.408066 0.000000
184.491837 -174.408066 49.434418
144.888870 -154.408066 38.822845
165.410858 -174.408066 95.499969
129.903824 -154.408066 75.000000
135.057388 -174.408066 135.057404
106.066010 -154.408066 106.066040
95.500000 -174.408066 165.410858
75.000000 -154.408066 129.903809
49.434444 -174.408066 184.491821
38.822861 -154.408066 144.888855
0.000000 -174.408066 191.000000
0.000000 -154.408066 150.000000
-49.434448 -174.408066 184.491821
-38.822876 -154.408066 144.888855
-95.500000 -174.408066 165.410828
-75.000000 -154.408066 129.903809
-135.057388 -174.408066 135.057404
-106.066010 -154.408066 106.066010
-165.410828 -174.408066 95.500000
-129.903809 -154.408066 75.000000
-184.491821 -174.408066 49.434448
-144.888870 -154.408066 38.822861
-191.000000 -174.408066 0.000000
-150.000000 -154.408066 0.000000
-184.491821 -174.408066 -49.434448
-144.888870 -154.408066 -38.822861
-165.410858 -174.408066 -95.499992
-129.903809 -154.408066 -75.000000
-135.057404 -174.408066 -135.057388
-106.066010 -154.408066 -106.066017
-95.500000 -174.408066 -165.410858
-75.000000 -154.408066 -129.903809
-49.434448 -174.408066 -184.491837
-38.822861 -154.408066 -144.888870
0
25
4 0 46 47 1
4 46 44 45 47
4 44 42 43 45
4 42 40 41 43
4 40 38 39 41
4 38 36 37 39
4 36 34 35 37
4 34 32 33 35
4 32 30 31 33
4 30 28 29 31
4 28 26 27 29
4 26 24 25 27
4 24 22 23 25
4 22 20 21 23
4 20 18 19 21
4 18 16 17 19
4 16 14 15 17
4 14 12 13 15
4 12 10 11 13
4 10 8 9 11
4 8 6 7 9
4 6 4 5 7
4 4 2 3 5
4 2 0 1 3
24 1 47 45 43 41 39 37 35 33 31 29 27 25 23 21 19
   17 15 13 11 9 7 5 3
0
0
6
8
45.162117 143.591934 -48.955582
-54.837860 143.591934 -48.955582
-54.837860 143.591934 51.044434
45.162125 143.591934 51.044434
-54.837860 95.591934 51.044434
-54.837860 95.591934 -48.955566
45.162117 95.591934 -48.955582
45.162125 95.591934 51.044434
0
5
4 7 6 0 3
4 6 5 1 0
4 5 4 2 1
4 4 7 3 2
4 3 0 1 2
0
0
-2
48
420.000122 -27.175980 -101.421982
425.000122 -27.175978 -101.421982
420.000153 -52.499981 -90.932358
425.000153 -52.499981 -90.932358
420.000153 -74.246193 -74.245956
425.000153 -74.246193 -74.245956
420.000153 -90.932648 -52.499737
425.000153 -90.932648 -52.499737
420.000153 -101.422188 -27.175762
425.000153 -101.422188 -27.175764
420.000153 -104.999977 0.000262
425.000153 -104.999977 0.000262
420.000153 -101.422188 27.176289
425.000153 -101.422188 27.176287
420.000153 -90.932640 52.500263
425.000153 -90.932640 52.500263
420.000153 -74.246185 74.246475
425.000153 -74.246185 74.246475
420.000153 -52.499985 90.932877
425.000153 -52.499985 90.932877
420.000153 -27.175989 101.422501
425.000153 -27.175987 101.422501
420.000153 0.000000 105.000259
425.000153 0.000000 105.000259
420.000153 27.176023 101.422501
425.000153 27.176025 101.422501
420.000122 52.500019 90.932877
425.000122 52.500019 90.932877
420.000122 74.246231 74.246475
425.000122 74.246231 74.246475
420.000122 90.932693 52.500263
425.000122 90.932693 52.500263
420.000122 101.422234 27.176289
425.000122 101.422234 27.176287
420.000122 105.000023 0.000262
425.000122 105.000023 0.000262
420.000122 101.422234 -27.175762
425.000122 101.422234 -27.175764
420.000122 90.932693 -52.499737
425.000122 90.932693 -52.499737
420.000122 74.246246 -74.245956
425.000122 74.246246 -74.245956
420.000122 52.500038 -90.932358
425.000122 52.500038 -90.932358
420.000122 27.175997 -101.421982
425.000122 27.175999 -101.421982
420.000122 0.000000 -104.999741
425.000122 0.000000 -104.999741
0
24
4 47 1 0 46
4 1 3 2 0
4 3 5 4 2
4 5 7 6 4
4 7 9 8 6
4 9 11 10 8
4 11 13 12 10
4 13 15 14 12
4 15 17 16 14
4 17 19 18 16
4 19 21 20 18
4 21 23 22 20
4 23 25 24 22
4 25 27 26 24
4 27 29 28 26
4 29 31 30 28
4 31 33 32 30
4 33 35 34 32
4 35 37 36 34
4 37 39 38 36
4 39 41 40 38
4 41 43 42 40
4 43 45 44 42
4 45 47 46 44
0
0
-2
48
975.000000 28.470179 -106.251595
945.000000 28.470179 -106.251595
975.000000 55.000084 -95.262550
945.000000 55.000084 -95.262550
975.000000 77.781830 -77.781502
945.000000 77.781830 -77.781502
975.000000 95.262878 -54.999752
945.000000 95.262878 -54.999752
975.000000 106.251923 -28.469852
945.000000 106.251923 -28.469852
975.000000 110.000084 0.000244
945.000000 110.000084 0.000244
975.000000 106.251923 28.470339
945.000000 106.251923 28.470339
975.000000 95.262878 55.000248
945.000000 95.262878 55.000248
975.000000 77.781830 77.781990
945.000000 77.781830 77.781990
975.000000 55.000088 95.263039
945.000000 55.000088 95.263039
975.000000 28.470188 106.252083
945.000000 28.470188 106.252083
975.000000 0.000000 110.000244
945.000000 0.000000 110.000244
975.000000 -28.470016 106.252083
945.000000 -28.470016 106.252083
975.000000 -54.999916 95.263039
945.000000 -54.999916 95.263039
975.000000 -77.781654 77.781998
945.000000 -77.781654 77.781998
975.000000 -95.262718 55.000233
945.000000 -95.262718 55.000233
975.000000 -106.251762 28.470333
945.000000 -106.251762 28.470333
975.000000 -109.999916 0.000244
945.000000 -109.999916 0.000244
975.000000 -106.251755 -28.469847
945.000000 -106.251755 -28.469847
975.000000 -95.262718 -54.999748
945.000000 -95.262718 -54.999748
975.000000 -77.781670 -77.781494
945.000000 -77.781670 -77.781494
975.000000 -54.999935 -95.262543
945.000000 -54.999935 -95.262543
975.000000 -28.469988 -106.251602
945.000000 -28.469988 -106.251602
975.000000 0.000000 -109.999756
945.000000 0.000000 -109.999756
0
26
4 47 1 0 46
4 1 3 2 0
4 3 5 4 2
4 5 7 6 4
4 7 9 8 6
4 9 11 10 8
4 11 13 12 10
4 13 15 14 12
4 15 17 16 14
4 17 19 18 16
4 19 21 20 18
4 21 23 22 20
4 23 25 24 22
4 25 27 26 24
4 27 29 28 26
4 29 31 30 28
4 31 33 32 30
4 33 35 34 32
4 35 37 36 34
4 37 39 38 36
4 39 41 40 38
4 41 43 42 40
4 43 45 44 42
4 45 47 46 44
24 47 1 3 5 7 9 11 13 15 17 19 21 23 25 27 29
   31 33 35 37 39 41 43 45
24 46 0 2 4 6 8 10 12 14 16 18 20 22 24 26 28
   30 32 34 36 38 40 42 44
0
0
-2
48
975.000000 0.000000 -104.999756
1035.000000 0.000000 -104.999756
975.000000 -27.175890 -101.421974
1035.000000 -27.175890 -101.421974
975.000000 -52.499935 -90.932411
1035.000000 -52.499935 -90.932411
975.000000 -74.246140 -74.245956
1035.000000 -74.246140 -74.245956
975.000000 -90.932587 -52.499748
1035.000000 -90.932587 -52.499748
975.000000 -101.422127 -27.175751
1035.000000 -101.422127 -27.175751
975.000000 -104.999916 0.000244
1035.000000 -104.999916 0.000244
975.000000 -101.422127 27.176237
1035.000000 -101.422127 27.176237
975.000000 -90.932587 52.500233
1035.000000 -90.932587 52.500233
975.000000 -74.246124 74.246460
1035.000000 -74.246124 74.246460
975.000000 -52.499916 90.932915
1035.000000 -52.499916 90.932915
975.000000 -27.175917 101.422455
1035.000000 -27.175917 101.422455
975.000000 0.000000 105.000244
1035.000000 0.000000 105.000244
975.000000 27.176096 101.422455
1035.000000 27.176096 101.422455
975.000000 52.500088 90.932907
1035.000000 52.500088 90.932907
975.000000 74.246292 74.246460
1035.000000 74.246292 74.246460
975.000000 90.932747 52.500248
1035.000000 90.932747 52.500248
975.000000 101.422295 27.176243
1035.000000 101.422295 27.176243
975.000000 105.000084 0.000244
1035.000000 105.000084 0.000244
975.000000 101.422295 -27.175758
1035.000000 101.422295 -27.175758
975.000000 90.932755 -52.499752
1035.000000 90.932755 -52.499752
975.000000 74.246300 -74.245964
1035.000000 74.246300 -74.245964
975.000000 52.500084 -90.932419
1035.000000 52.500084 -90.932419
975.000000 27.176086 -101.421967
1035.000000 27.176086 -101.421967
0
25
4 0 46 47 1
4 46 44 45 47
4 44 42 43 45
4 42 40 41 43
4 40 38 39 41
4 38 36 37 39
4 36 34 35 37
4 34 32 33 35
4 32 30 31 33
4 30 28 29 31
4 28 26 27 29
4 26 24 25 27
4 24 22 23 25
4 22 20 21 23
4 20 18 19 21
4 18 16 17 19
4 16 14 15 17
4 14 12 13 15
4 12 10 11 13
4 10 8 9 11
4 8 6 7 9
4 6 4 5 7
4 4 2 3 5
4 2 0 1 3
24 1 47 45 43 41 39 37 35 33 31 29 27 25 23 21 19
   17 15 13 11 9 7 5 3
0
0
-2
48
885.000061 -97.499916 0.000244
885.000061 -94.177689 -25.234644
885.000061 -84.437401 -48.749779
885.000061 -68.942841 -68.942650
885.000061 -48.749928 -84.437279
885.000183 -25.234749 -94.177513
885.000183 0.000000 -97.499779
885.000183 25.234943 -94.177513
885.000061 48.750088 -84.437279
885.000061 68.942993 -68.942650
885.000061 84.437561 -48.749779
885.000061 94.177849 -25.234644
885.000061 97.500084 0.000244
885.000061 94.177849 25.235083
885.000061 84.437561 48.750221
885.000061 68.942993 68.943092
885.000061 48.750092 84.437721
885.000061 25.234953 94.177956
885.000061 0.000000 97.500221
885.000061 -25.234774 94.177956
885.000061 -48.749912 84.437721
885.000061 -68.942825 68.943092
885.000061 -84.437401 48.750221
885.000061 -94.177689 25.235083
945.000000 -28.469988 -106.251602
945.000000 -54.999935 -95.262543
945.000000 -77.781670 -77.781494
945.000000 -95.262718 -54.999748
945.000000 -106.251755 -28.469847
945.000000 -109.999916 0.000244
945.000000 -106.251762 28.470333
945.000000 -95.262718 55.000233
945.000000 -77.781654 77.781998
945.000000 -54.999916 95.263039
945.000000 -28.470016 106.252083
945.000000 0.000000 110.000244
945.000000 28.470188 106.252083
945.000000 55.000088 95.263039
945.000000 77.781830 77.781990
945.000000 95.262878 55.000248
945.000000 106.251923 28.470339
945.000000 110.000084 0.000244
945.000000 106.251923 -28.469852
945.000000 95.262878 -54.999752
945.000000 77.781830 -77.781502
945.000000 55.000084 -95.262550
945.000000 28.470179 -106.251595
945.000000 0.000000 -109.999756
0
24
4 47 6 7 46
4 46 7 8 45
4 45 8 9 44
4 44 9 10 43
4 43 10 11 42
4 42 11 12 41
4 41 12 13 40
4 40 13 14 39
4 39 14 15 38
4 38 15 16 37
4 37 16 17 36
4 36 17 18 35
4 35 18 19 34
4 34 19 20 33
4 33 20 21 32
4 32 21 22 31
4 31 22 23 30
4 30 23 0 29
4 29 0 1 28
4 28 1 2 27
4 27 2 3 26
4 26 3 4 25
4 25 4 5 24
4 24 5 6 47
0
0
-2
48
435.000122 25.234800 -94.177475
435.000122 48.749943 -84.437241
435.000122 68.942848 -68.942612
435.000122 84.437416 -48.749744
435.000092 94.177704 -25.234606
435.000122 97.499939 0.000264
435.000122 94.177704 25.235121
435.000122 84.437416 48.750256
435.000122 68.942848 68.943130
435.000122 48.749947 84.437759
435.000122 25.234810 94.177994
435.000122 0.000000 97.500259
435.000122 -25.234917 94.177994
435.000122 -48.750057 84.437759
435.000122 -68.942970 68.943130
435.000122 -84.437546 48.750256
435.000153 -94.177834 25.235121
435.000122 -97.500061 0.000264
435.000122 -94.177834 -25.234606
435.000122 -84.437546 -48.749744
435.000122 -68.942986 -68.942612
435.000122 -48.750072 -84.437241
435.000122 -25.234892 -94.177475
435.000122 0.000000 -97.499741
885.000244 25.234858 -94.177521
885.000244 0.000000 -97.499756
885.000244 48.750000 -84.437233
885.000244 68.942909 -68.942665
885.000244 84.437477 -48.749752
885.000244 94.177765 -25.234615
885.000244 97.500000 0.000245
885.000244 94.177765 25.235100
885.000244 84.437477 48.750248
885.000244 68.942909 68.943153
885.000244 48.750004 84.437721
885.000244 25.234867 94.178009
885.000244 0.000000 97.500244
885.000244 -25.234859 94.178009
885.000244 -48.750000 84.437721
885.000244 -68.942909 68.943161
885.000244 -84.437485 48.750233
885.000244 -94.177773 25.235094
885.000244 -97.500000 0.000245
885.000244 -94.177773 -25.234610
885.000244 -84.437485 -48.749748
885.000244 -68.942924 -68.942657
885.000244 -48.750015 -84.437225
885.000244 -25.234835 -94.177528
0
24
4 24 25 23 0
4 26 24 0 1
4 27 26 1 2
4 28 27 2 3
4 29 28 3 4
4 30 29 4 5
4 31 30 5 6
4 32 31 6 7
4 33 32 7 8
4 34 33 8 9
4 35 34 9 10
4 36 35 10 11
4 37 36 11 12
4 38 37 12 13
4 39 38 13 14
4 40 39 14 15
4 41 40 15 16
4 42 41 16 17
4 43 42 17 18
4 44 43 18 19
4 45 44 19 20
4 46 45 20 21
4 47 46 21 22
4 25 47 22 23
0
0
-2
48
425.000122 0.000000 -104.999741
425.000122 -27.175978 -101.421982
425.000153 -52.499981 -90.932358
425.000153 -74.246193 -74.245956
425.000153 -90.932648 -52.499737
425.000153 -101.422188 -27.175764
425.000153 -104.999977 0.000262
425.000153 -101.422188 27.176287
425.000153 -90.932640 52.500263
425.000153 -74.246185 74.246475
425.000153 -52.499985 90.932877
425.000153 -27.175987 101.422501
425.000153 0.000000 105.000259
425.000153 27.176025 101.422501
425.000122 52.500019 90.932877
425.000122 74.246231 74.246475
425.000122 90.932693 52.500263
425.000122 101.422234 27.176287
425.000122 105.000023 0.000262
425.000122 101.422234 -27.175764
425.000122 90.932693 -52.499737
425.000122 74.246246 -74.245956
425.000122 52.500038 -90.932358
425.000122 27.175999 -101.421982
435.000122 0.000000 -97.499741
435.000122 25.234882 -94.177475
435.000122 48.750027 -84.437241
435.000122 68.942932 -68.942612
435.000122 84.437500 -48.749737
435.000122 94.177788 -25.234602
435.000122 97.500023 0.000262
435.000122 94.177788 25.235125
435.000122 84.437500 48.750263
435.000122 68.942932 68.943130
435.000122 48.750031 84.437759
435.000153 25.234892 94.177994
435.000153 0.000000 97.500259
435.000153 -25.234835 94.177994
435.000153 -48.749973 84.437759
435.000153 -68.942886 68.943130
435.000153 -84.437462 48.750263
435.000153 -94.177750 25.235125
435.000153 -97.499977 0.000262
435.000153 -94.177750 -25.234602
435.000153 -84.437462 -48.749737
435.000153 -68.942902 -68.942612
435.000153 -48.749989 -84.437241
435.000122 -25.234810 -94.177475
0
24
4 0 24 47 1
4 1 47 46 2
4 2 46 45 3
4 3 45 44 4
4 4 44 43 5
4 5 43 42 6
4 6 42 41 7
4 7 41 40 8
4 8 40 39 9
4 9 39 38 10
4 10 38 37 11
4 11 37 36 12
4 12 36 35 13
4 13 35 34 14
4 14 34 33 15
4 15 33 32 16
4 16 32 31 17
4 17 31 30 18
4 18 30 29 19
4 19 29 28 20
4 20 28 27 21
4 21 27 26 22
4 22 26 25 23
4 23 25 24 0
0
0
-2
48
310.000000 84.852829 -84.852539
310.000000 103.923058 -59.999756
310.000000 115.911102 -31.057985
310.000000 120.000000 0.000242
310.000000 115.911102 31.058470
310.000000 103.923058 60.000244
310.000000 84.852806 84.853027
310.000000 60.000004 103.923340
310.000000 31.058294 115.911377
310.000000 0.000000 120.000244
310.000000 -31.058290 115.911377
310.000000 -60.000000 103.923340
310.000000 -84.852814 84.853027
310.000000 -103.923042 60.000244
310.000000 -115.911102 31.058470
310.000000 -120.000000 0.000242
310.000000 -115.911095 -31.058018
310.000000 -103.923050 -59.999756
310.000000 60.000023 -103.922760
310.000000 -84.852814 -84.852539
310.000000 -59.999996 -103.922852
310.000000 31.058266 -115.910889
310.000000 -31.058281 -115.910889
310.000000 0.000000 -119.999756
420.000122 -31.058266 -115.910896
420.000122 -59.999981 -103.922859
420.000122 -84.852791 -84.852547
420.000122 -103.923027 -59.999763
420.000153 -115.911072 -31.058111
420.000153 -119.999977 0.000237
420.000153 -115.911079 31.058466
420.000153 -103.923019 60.000237
420.000153 -84.852791 84.853020
420.000122 -59.999985 103.923332
420.000122 -31.058275 115.911369
420.000122 0.000000 120.000237
420.000122 31.058310 115.911369
420.000122 60.000019 103.923332
420.000122 84.852829 84.853020
420.000122 103.923080 60.000237
420.000092 115.911125 31.058466
420.000092 120.000023 0.000237
420.000092 115.911125 -31.057989
420.000092 103.923080 -59.999763
420.000092 84.852852 -84.852547
420.000122 60.000038 -103.922859
420.000122 31.058281 -115.910896
420.000122 0.000000 -119.999763
0
26
4 23 47 24 22
4 21 46 47 23
4 22 24 25 20
4 20 25 26 19
4 18 45 46 21
4 19 26 27 17
4 17 27 28 16
4 16 28 29 15
4 15 29 30 14
4 14 30 31 13
4 13 31 32 12
4 12 32 33 11
4 11 33 34 10
4 10 34 35 9
4 9 35 36 8
4 8 36 37 7
4 7 37 38 6
4 6 38 39 5
4 5 39 40 4
4 4 40 41 3
4 3 41 42 2
4 2 42 43 1
4 1 43 44 0
4 0 44 45 18
24 47 46 45 44 43 42 41 40 39 38 37 36 35 34 33 32
   31 30 29 28 27 26 25 24
24 0 18 21 23 22 20 19 17 16 15 14 13 12 11 10 9
   8 7 6 5 4 3 2 1
0
0
-2
19
309.992615 -154.412277 191.000000
309.992615 120.000015 191.000000
310.000000 120.000015 191.000000
310.000000 120.000015 0.000244
350.000000 120.000015 167.901733
350.000000 120.000015 0.000267
350.000000 115.911118 -31.057968
350.000000 103.923111 -59.999657
350.000000 84.852814 -84.852539
350.000000 60.000076 -103.922752
350.000000 31.058670 -115.910690
310.000000 -154.408005 -90.000008
310.000000 -154.408005 191.000000
350.000000 -131.314041 167.901703
350.000000 -131.314041 -90.000038
310.000000 -0.002960 -120.000000
310.000000 -119.766922 -120.000000
350.000000 -96.673103 -120.000000
350.000000 -0.002945 -120.000000
0
6
4 17 14 11 16
4 1 0 13 4
4 4 5 3 2
4 14 13 12 11
4 18 17 16 15
11 13 14 17 18 10 9 8 7 6 5 4
0
0
6
28
307.955566 -399.407990 146.529160
301.961517 -399.407990 161.000015
292.426422 -399.407990 173.426422
280.000000 -399.407990 182.961548
265.529175 -399.407990 188.955566
259.280334 -399.407990 189.778244
191.221786 -399.408020 121.719711
192.044464 -399.408020 115.470863
198.038498 -399.408020 101.000008
207.573608 -399.408020 88.573608
220.000015 -399.408020 79.038483
234.470871 -399.408020 73.044464
240.718903 -399.408020 72.221893
308.778107 -399.407990 140.281128
240.718887 -319.408020 72.221878
234.470856 -319.408020 73.044449
220.000000 -319.408020 79.038475
207.573593 -319.408020 88.573601
198.038483 -319.408020 101.000000
192.044449 -319.408020 115.470856
191.221771 -319.408020 121.719704
259.280304 -319.407990 189.778229
265.529144 -319.407990 188.955551
280.000000 -319.407990 182.961533
292.426422 -319.407990 173.426407
301.961517 -319.407990 161.000000
307.955566 -319.407990 146.529144
308.778107 -319.407990 140.281113
0
15
4 14 27 13 12
4 15 14 12 11
4 16 15 11 10
4 17 16 10 9
4 18 17 9 8
4 19 18 8 7
4 20 19 7 6
4 21 20 6 5
4 22 21 5 4
4 23 22 4 3
4 24 23 3 2
4 25 24 2 1
4 26 25 1 0
4 27 26 0 13
14 13 0 1 2 3 4 5 6 7 8 9 10 11 12
0
0
-2
28
301.961517 -174.408066 161.000000
292.426422 -174.408066 173.426407
280.000000 -174.408066 182.961533
198.038483 -174.408066 101.000000
207.573593 -174.408066 88.573601
220.000000 -174.408066 79.038475
259.280304 -174.408066 189.778229
265.529144 -174.408066 188.955551
220.000000 -319.408020 79.038475
207.573593 -319.408020 88.573601
198.038483 -319.408020 101.000000
259.280304 -319.407990 189.778229
265.529144 -319.407990 188.955551
280.000000 -319.407990 182.961533
292.426422 -319.407990 173.426407
301.961517 -319.407990 161.000000
191.221771 -319.408020 121.719704
192.044449 -319.408020 115.470856
192.044449 -174.408066 115.470856
191.221771 -174.408066 121.719704
234.470856 -319.408020 73.044449
240.718887 -319.408020 72.221878
240.718887 -174.408066 72.221878
234.470856 -174.408066 73.044449
308.778107 -319.407990 140.281113
307.955566 -319.407990 146.529144
307.955566 -174.408066 146.529144
308.778107 -174.408066 140.281113
0
14
4 26 0 15 25
4 0 1 14 15
4 1 2 13 14
4 2 7 12 13
4 18 3 10 17
4 3 4 9 10
4 4 5 8 9
4 5 23 20 8
4 27 24 21 22
4 11 6 19 16
4 7 6 11 12
4 19 18 17 16
4 23 22 21 20
4 27 26 25 24
0
0
-2
7
0.000000 -174.408066 191.000000
0.000000 -174.408066 110.995728
110.000000 -174.408066 110.995728
110.000000 -15.408081 110.995728
110.000000 -15.408081 190.995728
110.000000 -174.408066 190.995728
0.000000 -174.408066 190.995728
0
4
3 3 2 1
3 6 5 4
4 5 0 1 2
4 4 3 1 0
0
0
6
16
-77.499985 -154.408066 110.000000
-109.999985 -154.408066 77.500000
-109.999985 -154.408066 -77.500000
-77.499985 -154.408066 -110.000000
77.500000 -154.408066 -110.000000
110.000000 -154.408066 -77.500000
110.000000 -154.408066 77.500000
77.500000 -154.408066 110.000000
-77.499969 95.591965 109.999969
-109.999969 95.591934 77.499969
-109.999985 95.591934 -77.500015
-77.499985 95.591934 -110.000023
77.500008 95.591934 -110.000023
110.000000 95.591934 -77.500031
110.000000 95.591934 77.499969
77.500015 95.591965 109.999969
0
10
4 0 7 15 8
4 7 6 14 15
4 6 5 13 14
4 5 4 12 13
4 4 3 11 12
4 3 2 10 11
4 2 1 9 10
4 1 0 8 9
8 8 15 14 13 12 11 10 9
8 4 5 6 7 0 1 2 3
0
0
-2
12
110.000000 143.591934 190.995728
310.000000 143.591934 190.995728
310.000000 -174.408066 190.995728
110.000000 -174.408066 190.995728
310.000000 -174.408066 -209.004272
310.000000 143.591934 -209.004272
110.000000 -174.408066 -209.004272
110.000000 -154.408066 -229.004272
290.000000 -154.408066 -229.004272
110.000000 123.591934 -229.004272
290.000000 123.591934 -229.004272
110.000000 143.591934 -209.004272
0
9
4 3 2 1 0
4 2 4 5 1
4 3 6 4 2
4 6 7 8 4
4 7 9 10 8
4 9 11 5 10
4 11 0 1 5
4 5 4 8 10
6 0 11 9 7 6 3
0
0
