11
2
1.000000 0.000000 0.000000
0.000000 1.000000 0.000000
0.000000 0.000000 1.000000
285.000000 0.000000 0.000000
1.000000 0.000000 0.000000
0.000000 0.000000 1.000000
0.000000 -1.000000 0.000000
-289.701630 -245.000000 0.000000
0
0
11
-2
48
310.881897 -280.000000 -96.592590
310.881897 29.999996 -96.592590
335.000000 -280.000000 -86.602547
335.000000 29.999996 -86.602547
355.710693 -280.000000 -70.710686
355.710693 29.999996 -70.710686
371.602539 -280.000000 -50.000000
371.602539 29.999996 -50.000000
381.592590 -280.000000 -25.881910
381.592590 29.999996 -25.881910
385.000000 -280.000000 0.000000
385.000000 29.999996 0.000000
381.592590 -280.000000 25.881901
381.592590 29.999996 25.881901
371.602539 -280.000000 50.000000
371.602539 29.999996 50.000000
355.710693 -280.000000 70.710670
355.710693 29.999996 70.710670
335.000000 -280.000000 86.602531
335.000000 29.999996 86.602531
310.881927 -280.000000 96.592575
310.881927 29.999996 96.592575
285.000000 -280.000000 99.999992
285.000000 29.999996 99.999992
259.118103 -280.000000 96.592575
259.118103 29.999996 96.592575
235.000000 -280.000000 86.602531
235.000000 29.999996 86.602531
214.289337 -280.000000 70.710678
214.289337 29.999996 70.710678
198.397461 -280.000000 49.999985
198.397461 29.999996 49.999985
188.407410 -280.000000 25.881895
188.407410 29.999996 25.881895
185.000000 -280.000000 0.000000
185.000000 29.999996 0.000000
188.407410 -280.000000 -25.881905
188.407410 29.999996 -25.881905
198.397461 -280.000000 -49.999996
198.397461 29.999996 -49.999996
214.289307 -280.000000 -70.710678
214.289307 29.999996 -70.710678
234.999985 -280.000000 -86.602539
234.999985 29.999996 -86.602539
259.118103 -280.000000 -96.592598
259.118103 29.999996 -96.592598
285.000000 -280.000000 -100.000008
285.000000 29.999996 -100.000008
0
24
4 45 47 46 44
4 43 45 44 42
4 41 43 42 40
4 39 41 40 38
4 37 39 38 36
4 35 37 36 34
4 33 35 34 32
4 31 33 32 30
4 29 31 30 28
4 27 29 28 26
4 25 27 26 24
4 23 25 24 22
4 21 23 22 20
4 19 21 20 18
4 17 19 18 16
4 15 17 16 14
4 13 15 14 12
4 11 13 12 10
4 9 11 10 8
4 7 9 8 6
4 5 7 6 4
4 3 5 4 2
4 1 3 2 0
4 47 1 0 46
0
0
-2
48
-189.701630 -250.000000 0.000000
-189.701630 -350.000000 0.000000
-193.109039 -250.000000 -25.881882
-193.109039 -350.000000 -25.881882
-203.099091 -250.000000 -50.000015
-203.099091 -350.000000 -50.000015
-218.990967 -250.000000 -70.710686
-218.990967 -350.000000 -70.710686
-239.701630 -250.000000 -86.602547
-239.701630 -350.000000 -86.602547
-263.819733 -250.000000 -96.592583
-263.819733 -350.000000 -96.592583
-289.701630 -250.000000 -100.000000
-289.701630 -350.000000 -100.000000
-315.583527 -250.000000 -96.592583
-315.583527 -350.000000 -96.592583
-339.701630 -250.000000 -86.602547
-339.701630 -350.000000 -86.602547
-360.412323 -250.000000 -70.710670
-360.412323 -350.000000 -70.710670
-376.304169 -250.000000 -50.000000
-376.304169 -350.000000 -50.000000
-386.294220 -250.000000 -25.881908
-386.294220 -350.000000 -25.881908
-389.701630 -250.000000 0.000000
-389.701630 -350.000000 0.000000
-386.294220 -250.000000 25.881914
-386.294220 -350.000000 25.881914
-376.304169 -250.000000 50.000004
-376.304169 -350.000000 50.000004
-360.412292 -250.000000 70.710678
-360.412292 -350.000000 70.710678
-339.701630 -250.000000 86.602539
-339.701630 -350.000000 86.602539
-315.583527 -250.000000 96.592583
-315.583527 -350.000000 96.592583
-289.701630 -250.000000 100.000000
-289.701630 -350.000000 100.000000
-263.819733 -250.000000 96.592583
-263.819733 -350.000000 96.592583
-239.701630 -250.000000 86.602539
-239.701630 -350.000000 86.602539
-218.990952 -250.000000 70.710678
-218.990952 -350.000000 70.710678
-203.099091 -250.000000 50.000000
-203.099091 -350.000000 50.000000
-193.109039 -250.000000 25.881905
-193.109039 -350.000000 25.881905
0
26
4 0 46 47 1
4 46 44 45 47
4 44 42 43 45
4 42 40 41 43
4 40 38 39 41
4 38 36 37 39
4 36 34 35 37
4 34 32 33 35
4 32 30 31 33
4 30 28 29 31
4 28 26 27 29
4 26 24 25 27
4 24 22 23 25
4 22 20 21 23
4 20 18 19 21
4 18 16 17 19
4 16 14 15 17
4 14 12 13 15
4 12 10 11 13
4 10 8 9 11
4 8 6 7 9
4 6 4 5 7
4 4 2 3 5
4 2 0 1 3
24 0 2 4 6 8 10 12 14 16 18 20 22 24 26 28 30
   32 34 36 38 40 42 44 46
24 1 47 45 43 41 39 37 35 33 31 29 27 25 23 21 19
   17 15 13 11 9 7 5 3
0
0
-2
8
385.000000 30.000000 120.000000
385.000000 130.000000 120.000000
-325.000000 130.000000 120.000000
-325.000000 30.000000 120.000000
-325.000000 130.000000 -213.750000
385.000000 130.000000 -213.750000
385.000000 30.000000 -213.750000
-325.000000 30.000000 -213.750000
0
6
4 7 4 5 6
4 3 0 1 2
4 4 7 3 2
4 5 4 2 1
4 6 5 1 0
4 7 6 0 3
0
0
-2
48
-189.701630 150.000000 0.000000
-189.701630 -18.823425 0.000000
-193.109039 150.000000 -25.881882
-193.109039 -18.823425 -25.881882
-203.099091 150.000000 -50.000015
-203.099091 -18.823425 -50.000015
-218.990967 150.000000 -70.710686
-218.990967 -18.823425 -70.710686
-239.701630 150.000000 -86.602547
-239.701630 -18.823425 -86.602547
-263.819733 150.000000 -96.592583
-263.819733 -18.823425 -96.592583
-289.701630 150.000000 -100.000000
-289.701630 -18.823425 -100.000000
-315.583527 150.000000 -96.592583
-315.583527 -18.823425 -96.592583
-339.701630 150.000000 -86.602547
-339.701630 -18.823425 -86.602547
-360.412323 150.000000 -70.710670
-360.412323 -18.823425 -70.710670
-376.304169 150.000000 -50.000000
-376.304169 -18.823425 -50.000000
-386.294220 150.000000 -25.881908
-386.294220 -18.823425 -25.881908
-389.701630 150.000000 0.000000
-389.701630 -18.823425 0.000000
-386.294220 150.000000 25.881914
-386.294220 -18.823425 25.881914
-376.304169 150.000000 50.000004
-376.304169 -18.823425 50.000004
-360.412292 150.000000 70.710678
-360.412292 -18.823425 70.710678
-339.701630 150.000000 86.602539
-339.701630 -18.823425 86.602539
-315.583527 150.000000 96.592583
-315.583527 -18.823425 96.592583
-289.701630 150.000000 100.000000
-289.701630 -18.823425 100.000000
-263.819733 150.000000 96.592583
-263.819733 -18.823425 96.592583
-239.701630 150.000000 86.602539
-239.701630 -18.823425 86.602539
-218.990952 150.000000 70.710678
-218.990952 -18.823425 70.710678
-203.099091 150.000000 50.000000
-203.099091 -18.823425 50.000000
-193.109039 150.000000 25.881905
-193.109039 -18.823425 25.881905
0
26
4 0 46 47 1
4 46 44 45 47
4 44 42 43 45
4 42 40 41 43
4 40 38 39 41
4 38 36 37 39
4 36 34 35 37
4 34 32 33 35
4 32 30 31 33
4 30 28 29 31
4 28 26 27 29
4 26 24 25 27
4 24 22 23 25
4 22 20 21 23
4 20 18 19 21
4 18 16 17 19
4 16 14 15 17
4 14 12 13 15
4 12 10 11 13
4 10 8 9 11
4 8 6 7 9
4 6 4 5 7
4 4 2 3 5
4 2 0 1 3
24 0 2 4 6 8 10 12 14 16 18 20 22 24 26 28 30
   32 34 36 38 40 42 44 46
24 1 47 45 43 41 39 37 35 33 31 29 27 25 23 21 19
   17 15 13 11 9 7 5 3
0
0
-2
48
487.844421 130.000000 -54.352001
487.844421 30.000000 -54.352001
466.865326 130.000000 -105.000000
466.865326 30.000000 -105.000000
433.492432 130.000000 -148.492432
433.492432 30.000000 -148.492432
390.000000 130.000000 -181.865341
390.000000 30.000000 -181.865341
339.351990 130.000000 -202.844421
339.351990 30.000000 -202.844421
285.000000 130.000000 -210.000000
285.000000 30.000000 -210.000000
230.648010 130.000000 -202.844421
230.648010 30.000000 -202.844421
180.000000 130.000000 -181.865326
180.000000 30.000000 -181.865326
136.507568 130.000000 -148.492416
136.507568 30.000000 -148.492416
103.134674 130.000000 -105.000008
103.134674 30.000000 -105.000008
82.155579 130.000000 -54.352020
82.155579 30.000000 -54.352020
75.000000 130.000000 0.000000
75.000000 30.000000 0.000000
82.155579 130.000000 54.352005
82.155579 30.000000 54.352005
103.134659 130.000000 105.000000
103.134659 30.000000 105.000000
136.507568 130.000000 148.492416
136.507568 30.000000 148.492416
180.000031 130.000000 181.865341
180.000031 30.000000 181.865341
230.648010 130.000000 202.844421
230.648010 30.000000 202.844421
285.000000 130.000000 210.000000
285.000000 30.000000 210.000000
339.351990 130.000000 202.844421
339.351990 30.000000 202.844421
390.000000 130.000000 181.865341
390.000000 30.000000 181.865341
433.492401 130.000000 148.492447
433.492401 30.000000 148.492447
466.865295 130.000000 105.000038
466.865295 30.000000 105.000038
487.844421 130.000000 54.351952
487.844421 30.000000 54.351952
495.000000 130.000000 0.000000
495.000000 30.000000 0.000000
0
26
4 47 1 0 46
4 1 3 2 0
4 3 5 4 2
4 5 7 6 4
4 7 9 8 6
4 9 11 10 8
4 11 13 12 10
4 13 15 14 12
4 15 17 16 14
4 17 19 18 16
4 19 21 20 18
4 21 23 22 20
4 23 25 24 22
4 25 27 26 24
4 27 29 28 26
4 29 31 30 28
4 31 33 32 30
4 33 35 34 32
4 35 37 36 34
4 37 39 38 36
4 39 41 40 38
4 41 43 42 40
4 43 45 44 42
4 45 47 46 44
24 47 45 43 41 39 37 35 33 31 29 27 25 23 21 19 17
   15 13 11 9 7 5 3 1
24 46 0 2 4 6 8 10 12 14 16 18 20 22 24 26 28
   30 32 34 36 38 40 42 44
0
0
-2
8
125.000000 280.000000 -213.750000
125.000000 380.000000 -213.750000
-125.000000 380.000000 -213.750000
-125.000000 280.000000 -213.750000
-125.000000 380.000000 -300.000000
125.000000 380.000000 -300.000000
125.000000 280.000000 -300.000000
-125.000000 280.000000 -300.000000
0
5
4 7 4 5 6
4 3 0 1 2
4 4 7 3 2
4 5 4 2 1
4 6 5 1 0
0
0
6
8
-51.044426 200.767899 36.250019
48.955574 200.767899 36.250011
48.955574 300.767883 36.250011
-51.044426 300.767883 36.250019
-51.044422 200.767899 84.250023
-51.044422 300.767883 84.250023
48.955578 300.767883 84.250008
48.955578 200.767899 84.250008
0
5
4 0 1 7 4
4 1 2 6 7
4 2 3 5 6
4 3 0 4 5
4 4 7 6 5
0
0
6
16
-110.000000 323.429993 -213.749969
-77.500000 355.929993 -213.749985
77.500000 355.929993 -213.749985
110.000000 323.429993 -213.750000
110.000000 168.430008 -213.750000
77.500000 135.930008 -213.749985
-77.500000 135.930008 -213.749985
-110.000000 168.430008 -213.749969
-109.999977 323.429993 36.250027
-77.499977 355.929993 36.250023
77.500023 355.929993 36.250008
110.000023 323.429993 36.250004
110.000023 168.430008 36.250004
77.500023 135.930008 36.250008
-77.499977 135.930008 36.250023
-109.999977 168.430008 36.250027
0
9
4 0 7 15 8
4 7 6 14 15
4 6 5 13 14
4 5 4 12 13
4 4 3 11 12
4 3 2 10 11
4 2 1 9 10
4 1 0 8 9
8 8 15 14 13 12 11 10 9
0
0
-2
22
385.000000 280.000000 -213.750000
-325.000000 280.000000 -213.750000
-325.000000 280.000000 -300.000000
385.000000 280.000000 -300.000000
-325.000000 -280.000000 -213.750000
-325.000000 -330.000000 -213.750000
385.000000 -280.000000 -213.750000
385.000000 -280.000000 20.000013
385.000000 -330.000000 20.000013
377.387939 -280.000000 58.268349
377.387939 -330.000000 58.268349
355.710663 -280.000000 90.710686
355.710663 -330.000000 90.710686
323.268341 -280.000000 112.387955
323.268341 -330.000000 112.387955
-325.000000 -280.000000 120.000000
285.000000 -280.000000 120.000000
285.000000 -330.000000 120.000000
-325.000000 -330.000000 120.000000
-325.000000 -330.000000 -300.000000
385.000000 -330.000000 -213.750000
385.000000 -330.000000 -300.000000
0
14
4 18 17 16 15
4 17 14 13 16
4 14 12 11 13
4 12 10 9 11
4 10 8 7 9
4 8 20 6 7
4 5 18 15 4
4 3 2 1 0
4 20 21 3 0
4 21 19 2 3
4 19 5 1 2
4 4 6 0 1
8 21 8 10 12 14 17 18 19
8 16 13 11 9 7 6 4 15
0
0
6
8
330.162109 380.000031 51.044369
330.162109 380.000000 -48.955631
230.162109 380.000000 -48.955631
230.162109 380.000031 51.044369
330.162109 428.000031 51.044353
230.162109 428.000031 51.044353
230.162109 428.000000 -48.955647
330.162109 428.000000 -48.955647
0
5
4 0 1 7 4
4 1 2 6 7
4 2 3 5 6
4 3 0 4 5
4 4 7 6 5
0
0
6
16
207.500000 130.000015 110.000000
175.000000 130.000015 77.500000
175.000000 130.000015 -77.500000
207.500000 130.000015 -110.000000
362.500000 130.000015 -110.000000
395.000000 130.000015 -77.500000
395.000000 130.000015 77.500000
362.500000 130.000015 110.000000
207.500000 380.000031 109.999916
175.000000 380.000031 77.499916
175.000000 380.000000 -77.500084
207.500000 380.000000 -110.000084
362.500000 380.000000 -110.000084
395.000000 380.000000 -77.500084
395.000000 380.000031 77.499916
362.500000 380.000031 109.999916
0
9
4 0 7 15 8
4 7 6 14 15
4 6 5 13 14
4 5 4 12 13
4 4 3 11 12
4 3 2 10 11
4 2 1 9 10
4 1 0 8 9
8 8 15 14 13 12 11 10 9
0
0
